2,1,148.3,188.1,413.7,288.4,0.949999988079071,-1,-1,-1
2,2,191.4,183.2,70.1,115.1,0.8799999952316284,-1,-1,-1
2,3,53.8,183.2,54.8,66.1,0.8500000238418579,-1,-1,-1
3,1,148.0,187.9,413.9,288.5,0.949999988079071,-1,-1,-1
3,2,191.7,183.3,70.9,116.8,0.8500000238418579,-1,-1,-1
3,3,53.9,182.9,55.1,66.3,0.8500000238418579,-1,-1,-1
4,1,147.7,187.5,414.5,288.8,0.949999988079071,-1,-1,-1
4,2,191.2,183.3,71.4,115.9,0.8500000238418579,-1,-1,-1
4,3,53.8,182.9,55.2,66.4,0.8700000047683716,-1,-1,-1
5,1,148.0,187.7,413.5,288.7,0.949999988079071,-1,-1,-1
5,2,190.3,183.2,73.3,116.9,0.8500000238418579,-1,-1,-1
5,3,53.4,182.8,55.4,67.3,0.8700000047683716,-1,-1,-1
6,1,147.6,187.8,414.6,288.7,0.949999988079071,-1,-1,-1
6,2,190.9,183.3,71.5,116.9,0.8799999952316284,-1,-1,-1
6,3,53.5,182.7,55.8,67.2,0.8700000047683716,-1,-1,-1
7,1,147.9,187.6,414.8,288.7,0.949999988079071,-1,-1,-1
7,2,190.9,183.2,71.1,115.8,0.8799999952316284,-1,-1,-1
7,3,53.7,182.5,55.3,67.4,0.8700000047683716,-1,-1,-1
8,1,147.7,188.1,414.3,288.3,0.949999988079071,-1,-1,-1
8,2,190.3,183.2,71.5,117.2,0.8799999952316284,-1,-1,-1
8,3,53.8,182.3,55.3,67.7,0.8600000143051147,-1,-1,-1
9,1,147.9,187.9,414.4,288.4,0.949999988079071,-1,-1,-1
9,2,190.0,183.3,71.8,115.3,0.8799999952316284,-1,-1,-1
9,3,53.9,182.1,55.5,67.6,0.8600000143051147,-1,-1,-1
10,1,147.7,188.0,414.2,288.4,0.9599999785423279,-1,-1,-1
10,2,190.3,183.6,71.6,114.6,0.8899999856948853,-1,-1,-1
10,3,54.1,181.7,55.1,68.5,0.8700000047683716,-1,-1,-1
11,1,148.0,187.9,413.4,288.5,0.9599999785423279,-1,-1,-1
11,2,189.8,183.7,72.3,114.1,0.8799999952316284,-1,-1,-1
11,3,54.6,181.3,54.9,68.5,0.8600000143051147,-1,-1,-1
12,1,147.2,187.8,414.5,288.5,0.949999988079071,-1,-1,-1
12,2,190.0,183.8,72.3,111.8,0.8700000047683716,-1,-1,-1
12,3,54.1,180.9,54.8,69.0,0.8500000238418579,-1,-1,-1
13,1,148.2,187.6,413.9,288.9,0.949999988079071,-1,-1,-1
13,2,191.1,183.8,71.5,112.9,0.8799999952316284,-1,-1,-1
13,3,54.5,180.2,54.0,69.4,0.8500000238418579,-1,-1,-1
14,1,147.8,188.0,414.4,288.4,0.949999988079071,-1,-1,-1
14,2,192.1,183.9,71.2,116.2,0.8700000047683716,-1,-1,-1
14,3,54.7,179.8,53.9,70.2,0.8600000143051147,-1,-1,-1
15,1,147.2,187.2,415.2,289.0,0.949999988079071,-1,-1,-1
15,2,192.5,183.9,71.7,116.2,0.8500000238418579,-1,-1,-1
15,3,54.7,179.0,53.2,70.9,0.8500000238418579,-1,-1,-1
16,1,147.4,187.9,414.9,288.5,0.949999988079071,-1,-1,-1
16,2,193.4,183.6,74.1,115.6,0.8399999737739563,-1,-1,-1
16,3,54.1,178.6,53.7,71.4,0.8399999737739563,-1,-1,-1
17,1,147.6,187.5,414.4,289.0,0.949999988079071,-1,-1,-1
17,2,195.3,183.5,75.1,115.1,0.8299999833106995,-1,-1,-1
17,3,51.3,178.0,55.9,72.5,0.8100000023841858,-1,-1,-1
18,1,147.4,187.8,414.5,288.5,0.949999988079071,-1,-1,-1
18,2,196.4,183.5,75.7,115.7,0.8299999833106995,-1,-1,-1
18,3,48.0,177.9,58.5,74.2,0.8199999928474426,-1,-1,-1
19,1,147.7,187.7,414.2,288.7,0.949999988079071,-1,-1,-1
19,2,198.6,183.2,74.3,115.5,0.8399999737739563,-1,-1,-1
19,3,46.7,177.3,59.1,75.0,0.8299999833106995,-1,-1,-1
20,1,147.5,187.6,414.8,288.9,0.949999988079071,-1,-1,-1
20,2,202.4,184.0,72.6,110.4,0.8600000143051147,-1,-1,-1
20,3,41.7,177.0,61.0,75.8,0.8299999833106995,-1,-1,-1
21,1,147.6,187.6,414.6,288.7,0.949999988079071,-1,-1,-1
21,2,204.2,183.9,72.1,107.2,0.8799999952316284,-1,-1,-1
21,3,39.1,176.6,62.8,76.5,0.8299999833106995,-1,-1,-1
22,1,146.9,187.4,415.2,289.1,0.949999988079071,-1,-1,-1
22,2,205.8,184.3,71.0,105.8,0.8700000047683716,-1,-1,-1
22,3,38.1,176.4,64.0,75.6,0.8199999928474426,-1,-1,-1
23,1,147.7,188.2,414.2,288.1,0.949999988079071,-1,-1,-1
23,2,206.0,184.5,71.6,110.6,0.8600000143051147,-1,-1,-1
23,3,37.1,176.0,65.7,74.3,0.8199999928474426,-1,-1,-1
24,1,147.2,188.0,415.1,288.5,0.949999988079071,-1,-1,-1
24,2,205.7,184.7,72.4,106.5,0.8299999833106995,-1,-1,-1
24,3,36.8,175.5,66.0,75.1,0.8399999737739563,-1,-1,-1
25,1,147.6,188.0,414.7,288.4,0.949999988079071,-1,-1,-1
25,2,210.1,184.8,70.6,106.7,0.8199999928474426,-1,-1,-1
25,3,37.8,175.6,65.6,74.9,0.8399999737739563,-1,-1,-1
26,1,148.1,187.4,414.2,289.0,0.949999988079071,-1,-1,-1
26,2,212.2,184.7,70.1,107.3,0.8100000023841858,-1,-1,-1
26,3,38.9,175.4,65.2,75.2,0.8399999737739563,-1,-1,-1
27,1,147.5,187.4,414.8,289.0,0.949999988079071,-1,-1,-1
27,2,214.9,184.9,68.9,110.9,0.8299999833106995,-1,-1,-1
27,3,40.0,175.3,65.2,77.3,0.8500000238418579,-1,-1,-1
28,1,147.8,187.9,414.2,288.5,0.9599999785423279,-1,-1,-1
28,2,215.6,185.0,69.3,107.0,0.8199999928474426,-1,-1,-1
28,3,41.9,175.6,65.8,77.4,0.8600000143051147,-1,-1,-1
29,1,147.5,187.6,414.7,288.8,0.9599999785423279,-1,-1,-1
29,2,217.6,185.4,68.4,109.3,0.8299999833106995,-1,-1,-1
29,3,43.1,174.9,66.7,78.0,0.8600000143051147,-1,-1,-1
30,1,147.9,187.5,414.4,289.0,0.949999988079071,-1,-1,-1
30,2,218.3,185.3,69.1,107.9,0.8500000238418579,-1,-1,-1
30,3,44.6,174.4,68.8,77.4,0.8700000047683716,-1,-1,-1
31,1,147.2,188.4,415.2,288.0,0.949999988079071,-1,-1,-1
31,2,217.6,185.3,70.2,107.9,0.8199999928474426,-1,-1,-1
31,3,45.6,174.5,71.6,75.4,0.8600000143051147,-1,-1,-1
32,1,147.7,188.1,414.4,288.3,0.949999988079071,-1,-1,-1
32,2,224.8,185.3,64.1,84.7,0.7300000190734863,-1,-1,-1
32,3,46.9,174.3,72.2,75.8,0.8700000047683716,-1,-1,-1
33,1,146.9,187.7,416.5,288.6,0.949999988079071,-1,-1,-1
33,2,228.0,185.0,61.8,79.5,0.8399999737739563,-1,-1,-1
33,3,48.2,174.4,73.1,75.3,0.8600000143051147,-1,-1,-1
34,1,148.4,187.7,413.2,288.8,0.9599999785423279,-1,-1,-1
34,2,228.0,184.7,62.7,80.2,0.7900000214576721,-1,-1,-1
34,3,49.2,174.3,77.0,75.7,0.8700000047683716,-1,-1,-1
35,1,147.9,187.9,414.1,288.5,0.949999988079071,-1,-1,-1
35,2,228.3,184.3,63.0,80.7,0.8199999928474426,-1,-1,-1
35,3,49.5,174.1,79.3,76.4,0.8600000143051147,-1,-1,-1
36,1,148.8,188.2,412.8,288.3,0.949999988079071,-1,-1,-1
36,2,228.4,183.9,63.2,81.1,0.8199999928474426,-1,-1,-1
36,3,49.9,174.0,81.9,75.8,0.8600000143051147,-1,-1,-1
37,1,147.6,187.9,414.5,288.4,0.949999988079071,-1,-1,-1
37,2,228.7,184.6,63.0,79.6,0.8199999928474426,-1,-1,-1
37,3,51.6,173.8,82.7,75.7,0.8700000047683716,-1,-1,-1
38,1,147.3,188.0,414.9,288.4,0.949999988079071,-1,-1,-1
38,2,228.8,184.4,63.8,80.1,0.8100000023841858,-1,-1,-1
38,3,52.5,174.4,83.9,75.2,0.8899999856948853,-1,-1,-1
39,1,147.4,187.9,414.9,288.6,0.949999988079071,-1,-1,-1
39,2,229.3,185.0,63.0,79.4,0.8500000238418579,-1,-1,-1
39,3,53.7,174.8,84.0,76.4,0.8799999952316284,-1,-1,-1
40,1,147.4,187.9,414.9,288.6,0.949999988079071,-1,-1,-1
40,2,229.3,185.1,63.0,79.3,0.8500000238418579,-1,-1,-1
40,3,53.8,174.8,84.0,76.5,0.8799999952316284,-1,-1,-1
41,1,148.2,188.1,414.4,288.3,0.949999988079071,-1,-1,-1
41,2,221.7,184.2,69.7,96.0,0.8100000023841858,-1,-1,-1
41,3,65.5,176.7,83.3,73.4,0.8700000047683716,-1,-1,-1
42,1,147.5,187.9,414.7,288.5,0.949999988079071,-1,-1,-1
42,2,220.1,183.8,71.7,100.3,0.8199999928474426,-1,-1,-1
42,3,67.6,176.6,84.0,73.4,0.8799999952316284,-1,-1,-1
43,1,148.7,187.7,413.1,288.6,0.949999988079071,-1,-1,-1
43,2,219.3,183.8,71.5,101.8,0.8299999833106995,-1,-1,-1
43,3,68.7,176.9,84.2,72.7,0.8799999952316284,-1,-1,-1
44,1,147.6,187.7,414.6,288.6,0.949999988079071,-1,-1,-1
44,2,220.0,184.0,69.7,101.3,0.8399999737739563,-1,-1,-1
44,3,68.9,177.2,84.8,73.0,0.8799999952316284,-1,-1,-1
45,1,147.5,187.7,414.7,288.6,0.949999988079071,-1,-1,-1
45,2,220.1,184.1,69.5,101.3,0.8399999737739563,-1,-1,-1
45,3,68.9,177.2,84.8,73.0,0.8799999952316284,-1,-1,-1
46,1,148.4,188.0,413.7,288.4,0.949999988079071,-1,-1,-1
46,2,219.9,183.6,69.2,101.6,0.8399999737739563,-1,-1,-1
46,3,69.0,177.6,84.7,72.9,0.8799999952316284,-1,-1,-1
47,1,148.5,188.0,413.3,288.5,0.949999988079071,-1,-1,-1
47,2,219.6,183.3,68.5,102.9,0.6899999976158142,-1,-1,-1
47,3,68.8,177.8,85.7,72.4,0.8799999952316284,-1,-1,-1
48,1,147.9,187.7,414.0,288.8,0.949999988079071,-1,-1,-1
48,2,223.1,183.1,65.1,98.4,0.6100000143051147,-1,-1,-1
48,3,68.1,177.7,86.7,72.3,0.8799999952316284,-1,-1,-1
49,1,147.9,188.0,414.3,288.2,0.949999988079071,-1,-1,-1
49,2,218.6,183.3,68.7,107.1,0.8199999928474426,-1,-1,-1
49,3,67.8,177.8,87.2,72.8,0.8700000047683716,-1,-1,-1
50,1,147.4,188.2,415.0,288.2,0.949999988079071,-1,-1,-1
50,2,219.2,183.5,67.6,111.5,0.8199999928474426,-1,-1,-1
50,3,67.7,177.9,86.5,73.0,0.8700000047683716,-1,-1,-1
51,1,147.4,187.8,414.9,288.7,0.949999988079071,-1,-1,-1
51,2,218.5,183.7,68.7,111.7,0.8199999928474426,-1,-1,-1
51,3,67.3,177.8,86.5,72.7,0.8700000047683716,-1,-1,-1
52,1,147.4,188.1,414.4,288.3,0.949999988079071,-1,-1,-1
52,2,218.9,183.6,67.9,112.1,0.8299999833106995,-1,-1,-1
52,3,66.3,177.2,87.0,72.6,0.8700000047683716,-1,-1,-1
53,1,147.5,188.1,414.4,288.3,0.949999988079071,-1,-1,-1
53,2,219.0,183.5,67.8,112.1,0.8299999833106995,-1,-1,-1
53,3,66.2,177.1,87.0,72.6,0.8700000047683716,-1,-1,-1
54,1,147.8,188.2,414.6,288.1,0.949999988079071,-1,-1,-1
54,2,219.3,183.6,67.2,112.3,0.800000011920929,-1,-1,-1
54,3,65.7,176.9,85.3,72.5,0.8700000047683716,-1,-1,-1
55,1,147.3,187.9,414.5,288.5,0.949999988079071,-1,-1,-1
55,2,219.1,183.5,67.2,112.2,0.8299999833106995,-1,-1,-1
55,3,64.9,176.9,84.5,73.5,0.8700000047683716,-1,-1,-1
56,1,147.1,187.7,415.3,288.8,0.949999988079071,-1,-1,-1
56,2,219.5,183.6,65.9,112.1,0.8199999928474426,-1,-1,-1
56,3,63.3,176.9,82.7,72.7,0.8700000047683716,-1,-1,-1
57,1,149.0,188.0,413.2,288.5,0.9599999785423279,-1,-1,-1
57,2,220.6,183.2,64.3,113.2,0.6399999856948853,-1,-1,-1
57,3,61.8,176.8,81.9,72.4,0.8600000143051147,-1,-1,-1
58,1,147.3,187.9,414.7,288.4,0.949999988079071,-1,-1,-1
58,2,220.2,183.2,64.3,111.8,0.6700000166893005,-1,-1,-1
58,3,60.9,177.0,79.9,72.1,0.8700000047683716,-1,-1,-1
59,1,148.4,188.2,413.9,288.3,0.949999988079071,-1,-1,-1
59,2,218.0,183.4,66.5,109.5,0.8100000023841858,-1,-1,-1
59,3,61.3,176.8,77.2,72.2,0.8700000047683716,-1,-1,-1
60,1,147.8,187.6,414.4,288.8,0.949999988079071,-1,-1,-1
60,2,218.5,183.5,66.2,107.1,0.8299999833106995,-1,-1,-1
60,3,61.6,176.9,74.7,71.6,0.8700000047683716,-1,-1,-1
61,1,148.3,188.1,413.2,288.4,0.949999988079071,-1,-1,-1
61,2,219.0,183.2,65.5,109.8,0.8199999928474426,-1,-1,-1
61,3,61.9,176.6,72.8,72.4,0.8799999952316284,-1,-1,-1
62,1,147.6,188.5,414.7,287.9,0.949999988079071,-1,-1,-1
62,2,219.0,183.1,65.4,110.7,0.8199999928474426,-1,-1,-1
62,3,62.0,176.6,71.5,72.7,0.8899999856948853,-1,-1,-1
63,1,148.1,187.9,414.4,288.6,0.949999988079071,-1,-1,-1
63,2,219.0,183.2,65.2,112.8,0.8199999928474426,-1,-1,-1
63,3,64.5,176.6,68.3,72.6,0.8799999952316284,-1,-1,-1
64,1,148.0,187.7,413.9,288.7,0.949999988079071,-1,-1,-1
64,2,217.7,183.4,67.0,108.4,0.8399999737739563,-1,-1,-1
64,3,68.4,176.7,66.3,73.0,0.8700000047683716,-1,-1,-1
65,1,147.5,188.2,414.3,288.2,0.9599999785423279,-1,-1,-1
65,2,217.3,183.5,67.4,106.3,0.8399999737739563,-1,-1,-1
65,3,75.3,177.2,61.9,72.5,0.8399999737739563,-1,-1,-1
66,1,147.5,187.8,414.7,288.5,0.949999988079071,-1,-1,-1
66,2,217.1,183.3,67.1,105.0,0.8500000238418579,-1,-1,-1
66,3,78.0,177.0,60.4,72.4,0.8600000143051147,-1,-1,-1
67,1,148.4,187.7,414.1,288.7,0.949999988079071,-1,-1,-1
67,2,217.1,183.3,66.9,105.0,0.8500000238418579,-1,-1,-1
67,3,79.2,177.4,60.3,73.9,0.8500000238418579,-1,-1,-1
68,1,147.8,187.8,414.1,288.6,0.949999988079071,-1,-1,-1
68,2,216.3,183.3,67.9,103.4,0.8600000143051147,-1,-1,-1
68,3,79.1,177.8,61.4,73.5,0.8600000143051147,-1,-1,-1
69,1,148.0,187.7,413.8,288.7,0.9599999785423279,-1,-1,-1
69,2,217.0,183.4,67.1,103.4,0.8500000238418579,-1,-1,-1
69,3,81.5,177.7,59.8,74.5,0.8399999737739563,-1,-1,-1
70,1,148.1,188.0,414.0,288.5,0.949999988079071,-1,-1,-1
70,2,216.2,183.3,67.7,104.3,0.8399999737739563,-1,-1,-1
70,3,83.0,177.8,58.5,74.5,0.8399999737739563,-1,-1,-1
71,1,148.1,188.2,414.5,288.2,0.949999988079071,-1,-1,-1
71,2,216.2,183.5,67.6,102.8,0.8500000238418579,-1,-1,-1
71,3,83.0,177.5,58.1,74.9,0.8399999737739563,-1,-1,-1
72,1,148.1,188.2,414.5,288.2,0.949999988079071,-1,-1,-1
72,2,216.2,183.5,67.5,102.6,0.8500000238418579,-1,-1,-1
72,3,83.0,177.4,58.0,75.0,0.8399999737739563,-1,-1,-1
73,1,147.3,188.1,415.2,288.4,0.949999988079071,-1,-1,-1
73,2,207.7,183.7,75.9,99.6,0.8399999737739563,-1,-1,-1
73,3,84.5,177.4,53.6,72.5,0.8399999737739563,-1,-1,-1
74,1,148.2,187.9,413.7,288.5,0.949999988079071,-1,-1,-1
74,2,214.5,183.9,69.1,96.8,0.6200000047683716,-1,-1,-1
74,3,83.5,177.8,52.5,72.7,0.8299999833106995,-1,-1,-1
75,1,146.8,187.6,415.3,288.8,0.949999988079071,-1,-1,-1
75,2,205.5,184.1,78.6,98.6,0.800000011920929,-1,-1,-1
75,3,82.7,178.2,51.7,71.9,0.8299999833106995,-1,-1,-1
76,1,147.6,187.8,414.7,288.7,0.949999988079071,-1,-1,-1
76,2,203.3,184.1,81.1,100.2,0.8100000023841858,-1,-1,-1
76,3,81.7,178.3,50.3,71.3,0.8399999737739563,-1,-1,-1
77,1,147.8,187.9,414.5,288.5,0.949999988079071,-1,-1,-1
77,2,202.0,184.1,81.7,99.5,0.8399999737739563,-1,-1,-1
77,3,80.8,178.6,49.1,71.3,0.8399999737739563,-1,-1,-1
78,1,147.9,188.0,413.9,288.5,0.949999988079071,-1,-1,-1
78,2,199.4,183.6,83.9,100.6,0.8600000143051147,-1,-1,-1
78,3,79.4,178.5,48.8,70.7,0.8399999737739563,-1,-1,-1
79,1,147.9,187.8,414.3,288.6,0.949999988079071,-1,-1,-1
79,2,198.2,183.8,84.7,101.4,0.8500000238418579,-1,-1,-1
79,3,78.5,178.7,47.8,70.7,0.8500000238418579,-1,-1,-1
80,1,147.9,187.8,414.3,288.6,0.949999988079071,-1,-1,-1
80,2,198.1,183.8,84.8,101.5,0.8500000238418579,-1,-1,-1
80,3,78.4,178.7,47.7,70.7,0.8500000238418579,-1,-1,-1
81,1,148.4,187.8,413.3,288.5,0.949999988079071,-1,-1,-1
81,2,198.0,184.4,84.8,100.7,0.8399999737739563,-1,-1,-1
81,3,77.9,178.5,47.0,70.5,0.8399999737739563,-1,-1,-1
82,1,147.7,188.2,414.3,288.3,0.949999988079071,-1,-1,-1
82,2,196.1,184.3,86.6,99.9,0.8600000143051147,-1,-1,-1
82,3,77.7,178.2,46.0,70.6,0.8500000238418579,-1,-1,-1
83,1,148.3,187.7,414.1,288.7,0.9599999785423279,-1,-1,-1
83,2,194.8,184.3,88.1,100.3,0.8399999737739563,-1,-1,-1
83,3,77.0,178.0,46.5,70.9,0.8399999737739563,-1,-1,-1
84,1,148.7,188.0,412.9,288.5,0.949999988079071,-1,-1,-1
84,2,199.6,184.3,82.8,99.7,0.8399999737739563,-1,-1,-1
84,3,76.0,178.0,47.2,70.9,0.8500000238418579,-1,-1,-1
85,1,148.9,187.9,413.2,288.7,0.949999988079071,-1,-1,-1
85,2,202.3,184.1,80.9,99.7,0.8700000047683716,-1,-1,-1
85,3,74.9,177.6,48.8,71.3,0.8600000143051147,-1,-1,-1
86,1,148.5,187.6,413.6,288.9,0.949999988079071,-1,-1,-1
86,2,204.4,184.2,76.7,99.1,0.8799999952316284,-1,-1,-1
86,3,72.8,177.4,53.9,71.6,0.8799999952316284,-1,-1,-1
87,1,149.0,187.8,412.8,288.8,0.949999988079071,-1,-1,-1
87,2,204.9,184.4,75.9,100.7,0.8799999952316284,-1,-1,-1
87,3,72.0,177.3,55.5,71.5,0.8799999952316284,-1,-1,-1
88,1,147.4,188.3,414.5,288.3,0.949999988079071,-1,-1,-1
88,2,204.7,184.7,76.2,105.5,0.8700000047683716,-1,-1,-1
88,3,71.3,177.2,57.2,71.7,0.8899999856948853,-1,-1,-1
89,1,148.3,187.3,413.6,289.2,0.949999988079071,-1,-1,-1
89,2,205.3,184.2,74.4,108.6,0.8700000047683716,-1,-1,-1
89,3,70.8,177.1,58.6,71.8,0.8799999952316284,-1,-1,-1
90,1,147.7,187.7,413.9,288.8,0.949999988079071,-1,-1,-1
90,2,205.1,184.4,74.3,109.3,0.8799999952316284,-1,-1,-1
90,3,70.1,177.4,61.3,71.5,0.8799999952316284,-1,-1,-1
91,1,148.5,191.4,413.5,285.1,0.949999988079071,-1,-1,-1
91,2,205.6,184.4,74.0,113.5,0.8899999856948853,-1,-1,-1
91,3,69.6,177.9,66.5,70.8,0.8700000047683716,-1,-1,-1
92,1,148.3,193.6,413.5,283.0,0.949999988079071,-1,-1,-1
92,2,205.3,184.3,73.3,113.6,0.8799999952316284,-1,-1,-1
92,3,70.9,177.8,65.9,70.9,0.8799999952316284,-1,-1,-1
93,1,149.3,194.8,411.8,281.6,0.949999988079071,-1,-1,-1
93,2,205.6,184.3,73.5,112.5,0.8799999952316284,-1,-1,-1
93,3,70.9,177.8,68.0,71.3,0.8700000047683716,-1,-1,-1
94,1,149.9,197.6,410.9,278.7,0.949999988079071,-1,-1,-1
94,2,205.5,184.3,73.1,113.2,0.8799999952316284,-1,-1,-1
94,3,71.2,177.7,69.6,72.6,0.8500000238418579,-1,-1,-1
95,1,152.8,201.8,408.0,274.5,0.949999988079071,-1,-1,-1
95,2,207.4,183.8,72.2,113.3,0.8199999928474426,-1,-1,-1
95,3,71.7,177.7,73.0,73.7,0.8500000238418579,-1,-1,-1
96,1,155.3,203.8,405.8,272.5,0.949999988079071,-1,-1,-1
96,2,212.7,183.5,67.3,114.7,0.8299999833106995,-1,-1,-1
96,3,71.7,177.2,74.9,75.1,0.8399999737739563,-1,-1,-1
97,1,156.7,205.9,404.3,270.3,0.9399999976158142,-1,-1,-1
97,2,213.4,183.5,67.7,110.5,0.8199999928474426,-1,-1,-1
97,3,71.8,176.9,74.1,75.2,0.8500000238418579,-1,-1,-1
98,1,158.1,207.3,403.1,268.8,0.9300000071525574,-1,-1,-1
98,2,213.6,183.3,68.6,108.2,0.8199999928474426,-1,-1,-1
98,3,71.8,176.8,74.7,75.2,0.8500000238418579,-1,-1,-1
99,1,158.1,207.4,403.1,268.7,0.9300000071525574,-1,-1,-1
99,2,213.6,183.2,68.7,107.9,0.8199999928474426,-1,-1,-1
99,3,71.8,176.8,74.7,75.1,0.8500000238418579,-1,-1,-1
100,1,159.4,208.7,402.8,267.5,0.9300000071525574,-1,-1,-1
100,2,213.3,183.4,69.3,110.6,0.8100000023841858,-1,-1,-1
100,3,71.5,176.7,75.5,76.1,0.8500000238418579,-1,-1,-1
101,1,160.4,209.4,406.0,266.8,0.9200000166893005,-1,-1,-1
101,2,213.6,183.5,70.5,110.9,0.7400000095367432,-1,-1,-1
101,3,71.0,176.8,75.5,75.2,0.8399999737739563,-1,-1,-1
102,1,161.3,210.7,406.1,265.3,0.9200000166893005,-1,-1,-1
102,2,214.6,183.4,70.4,113.5,0.800000011920929,-1,-1,-1
102,3,70.4,176.7,75.7,75.3,0.8399999737739563,-1,-1,-1
103,1,163.2,212.2,405.3,263.8,0.9200000166893005,-1,-1,-1
103,2,218.8,183.9,67.7,112.4,0.8199999928474426,-1,-1,-1
103,3,67.5,176.6,77.0,76.7,0.8299999833106995,-1,-1,-1
104,1,163.7,214.0,405.0,262.0,0.9100000262260437,-1,-1,-1
104,2,218.7,184.4,69.6,112.6,0.8299999833106995,-1,-1,-1
104,3,66.0,176.6,74.3,74.3,0.8399999737739563,-1,-1,-1
105,1,165.1,216.2,404.8,259.6,0.9100000262260437,-1,-1,-1
105,2,226.3,184.7,64.5,85.3,0.7599999904632568,-1,-1,-1
105,3,64.1,176.6,73.4,72.8,0.8700000047683716,-1,-1,-1
106,1,165.4,216.8,404.6,258.9,0.8999999761581421,-1,-1,-1
106,2,228.6,185.4,65.0,79.8,0.7799999713897705,-1,-1,-1
106,3,62.0,176.7,74.2,72.9,0.8600000143051147,-1,-1,-1
107,1,167.1,216.2,402.6,259.6,0.9100000262260437,-1,-1,-1
107,2,232.1,186.1,64.4,78.4,0.8600000143051147,-1,-1,-1
107,3,57.5,176.2,73.9,73.1,0.8700000047683716,-1,-1,-1
108,1,167.1,217.6,405.6,258.2,0.8999999761581421,-1,-1,-1
108,2,235.2,186.5,64.2,77.9,0.8299999833106995,-1,-1,-1
108,3,55.1,176.1,73.1,72.9,0.8500000238418579,-1,-1,-1
109,1,167.7,218.1,404.2,257.7,0.8999999761581421,-1,-1,-1
109,2,238.3,186.4,63.4,78.1,0.8600000143051147,-1,-1,-1
109,3,53.5,176.0,72.1,73.4,0.8500000238418579,-1,-1,-1
110,1,167.8,218.2,404.1,257.6,0.8999999761581421,-1,-1,-1
110,2,238.6,186.4,63.3,78.1,0.8600000143051147,-1,-1,-1
110,3,53.3,176.0,71.9,73.4,0.8500000238418579,-1,-1,-1
111,1,167.3,217.1,404.1,258.6,0.9100000262260437,-1,-1,-1
111,2,239.9,186.6,64.6,77.7,0.8799999952316284,-1,-1,-1
111,3,50.8,175.5,72.6,73.6,0.8399999737739563,-1,-1,-1
112,1,167.5,216.9,403.8,258.9,0.8999999761581421,-1,-1,-1
112,2,242.4,187.4,63.7,77.0,0.8799999952316284,-1,-1,-1
112,3,49.5,175.0,72.8,74.7,0.8399999737739563,-1,-1,-1
113,1,169.5,215.0,403.9,260.9,0.8999999761581421,-1,-1,-1
113,2,247.2,186.8,62.9,77.5,0.9100000262260437,-1,-1,-1
113,3,45.4,174.1,70.6,77.3,0.8500000238418579,-1,-1,-1
114,1,166.9,215.4,405.4,260.5,0.8999999761581421,-1,-1,-1
114,2,248.2,186.9,62.9,77.3,0.9100000262260437,-1,-1,-1
114,3,44.4,174.0,68.8,77.1,0.8500000238418579,-1,-1,-1
115,1,165.3,213.0,406.5,262.7,0.8999999761581421,-1,-1,-1
115,2,248.5,186.0,62.7,78.2,0.8999999761581421,-1,-1,-1
115,3,43.1,174.1,68.9,78.5,0.8700000047683716,-1,-1,-1
116,1,165.5,208.3,411.7,268.1,0.9200000166893005,-1,-1,-1
116,2,248.9,185.3,66.6,79.1,0.8899999856948853,-1,-1,-1
116,3,41.9,174.1,67.1,78.5,0.8500000238418579,-1,-1,-1
117,1,166.0,203.6,412.0,272.9,0.9300000071525574,-1,-1,-1
117,2,249.2,185.1,66.7,79.3,0.8799999952316284,-1,-1,-1
117,3,41.3,174.4,66.4,78.4,0.8399999737739563,-1,-1,-1
118,1,166.0,203.3,412.0,273.3,0.9300000071525574,-1,-1,-1
118,2,249.2,185.2,66.7,79.3,0.8799999952316284,-1,-1,-1
118,3,41.2,174.4,66.3,78.4,0.8399999737739563,-1,-1,-1
119,1,161.5,195.7,417.7,280.8,0.9300000071525574,-1,-1,-1
119,2,249.0,185.0,68.5,79.3,0.8600000143051147,-1,-1,-1
119,3,41.0,174.5,65.2,78.1,0.8399999737739563,-1,-1,-1
120,1,159.8,188.5,421.0,287.6,0.9399999976158142,-1,-1,-1
120,2,248.8,184.8,69.3,79.6,0.8799999952316284,-1,-1,-1
120,3,40.8,175.2,64.0,77.5,0.8500000238418579,-1,-1,-1
121,1,162.9,183.1,418.6,292.8,0.9399999976158142,-1,-1,-1
121,2,248.4,185.0,71.9,79.1,0.8799999952316284,-1,-1,-1
121,3,40.3,175.2,62.8,78.0,0.8500000238418579,-1,-1,-1
122,1,162.8,179.2,419.8,296.9,0.9399999976158142,-1,-1,-1
122,2,248.0,184.9,68.6,79.5,0.8799999952316284,-1,-1,-1
122,3,39.8,175.3,61.5,77.7,0.8500000238418579,-1,-1,-1
123,1,168.6,167.2,418.6,309.1,0.9300000071525574,-1,-1,-1
123,2,244.9,184.1,70.2,80.1,0.8500000238418579,-1,-1,-1
123,3,38.6,175.4,59.9,77.0,0.8399999737739563,-1,-1,-1
124,1,171.3,166.1,418.0,310.4,0.9200000166893005,-1,-1,-1
124,2,246.6,183.8,67.9,80.4,0.8799999952316284,-1,-1,-1
124,3,38.4,175.7,59.8,76.1,0.8500000238418579,-1,-1,-1
125,1,175.2,164.4,416.4,311.9,0.9200000166893005,-1,-1,-1
125,2,250.8,184.1,64.1,80.4,0.8600000143051147,-1,-1,-1
125,3,38.9,175.9,58.5,76.1,0.8399999737739563,-1,-1,-1
126,1,175.4,164.3,416.2,311.9,0.9200000166893005,-1,-1,-1
126,2,251.2,184.1,63.7,80.4,0.8600000143051147,-1,-1,-1
126,3,38.9,175.9,58.3,76.0,0.8399999737739563,-1,-1,-1
127,1,177.4,164.7,414.5,311.6,0.9200000166893005,-1,-1,-1
127,2,250.7,184.2,64.8,80.2,0.8600000143051147,-1,-1,-1
127,3,39.2,175.6,58.0,75.9,0.8399999737739563,-1,-1,-1
128,1,179.4,164.5,413.4,311.7,0.9300000071525574,-1,-1,-1
128,2,249.5,184.2,64.6,80.1,0.8299999833106995,-1,-1,-1
128,3,38.9,175.7,58.4,74.8,0.8399999737739563,-1,-1,-1
129,1,182.8,165.0,411.6,311.1,0.9200000166893005,-1,-1,-1
129,2,240.1,184.5,76.6,80.0,0.7099999785423279,-1,-1,-1
129,3,39.5,176.0,57.4,74.5,0.8399999737739563,-1,-1,-1
130,1,182.6,165.6,412.9,310.6,0.9200000166893005,-1,-1,-1
130,2,234.9,184.2,81.4,79.9,0.8299999833106995,-1,-1,-1
130,3,39.4,176.0,57.7,75.4,0.8500000238418579,-1,-1,-1
131,1,183.0,166.4,413.9,310.0,0.9200000166893005,-1,-1,-1
131,2,234.4,183.8,80.3,80.1,0.8500000238418579,-1,-1,-1
131,3,39.6,176.1,57.0,75.7,0.8399999737739563,-1,-1,-1
132,1,182.6,167.4,413.7,308.8,0.9200000166893005,-1,-1,-1
132,2,238.6,183.8,85.1,80.2,0.8399999737739563,-1,-1,-1
132,3,39.3,176.2,57.4,73.5,0.8500000238418579,-1,-1,-1
133,1,182.8,168.2,412.1,308.0,0.9200000166893005,-1,-1,-1
133,2,242.0,183.6,84.0,80.6,0.7900000214576721,-1,-1,-1
133,3,39.2,176.2,57.5,74.4,0.8500000238418579,-1,-1,-1
134,1,184.2,168.6,409.5,307.6,0.9300000071525574,-1,-1,-1
134,2,244.0,183.7,80.7,80.5,0.7900000214576721,-1,-1,-1
134,3,39.0,176.2,57.5,74.0,0.8399999737739563,-1,-1,-1
135,1,178.1,169.0,412.1,307.2,0.9300000071525574,-1,-1,-1
135,2,244.2,184.1,80.9,81.1,0.7599999904632568,-1,-1,-1
135,3,38.0,175.1,58.6,77.3,0.8500000238418579,-1,-1,-1
136,1,175.4,167.4,411.8,308.9,0.9399999976158142,-1,-1,-1
136,2,246.2,184.4,78.0,80.6,0.8299999833106995,-1,-1,-1
136,3,37.4,174.9,58.9,77.4,0.8500000238418579,-1,-1,-1
137,1,170.5,165.1,415.1,311.1,0.9399999976158142,-1,-1,-1
137,2,247.6,184.8,77.1,79.7,0.8700000047683716,-1,-1,-1
137,3,37.2,174.6,59.4,77.1,0.8500000238418579,-1,-1,-1
138,1,167.0,164.0,416.4,312.3,0.9300000071525574,-1,-1,-1
138,2,248.3,184.8,77.0,79.5,0.8799999952316284,-1,-1,-1
138,3,37.0,174.2,59.7,77.7,0.8399999737739563,-1,-1,-1
139,1,158.9,164.5,422.3,311.4,0.9300000071525574,-1,-1,-1
139,2,248.9,184.1,76.9,79.9,0.8700000047683716,-1,-1,-1
139,3,36.9,173.9,59.6,77.7,0.8299999833106995,-1,-1,-1
140,1,154.1,163.7,419.8,312.0,0.9399999976158142,-1,-1,-1
140,2,250.2,183.9,75.8,80.3,0.8600000143051147,-1,-1,-1
140,3,36.8,173.9,59.8,76.1,0.8399999737739563,-1,-1,-1
141,1,149.2,163.3,419.4,312.3,0.9399999976158142,-1,-1,-1
141,2,251.7,184.2,65.5,80.0,0.8399999737739563,-1,-1,-1
141,3,36.9,173.9,59.5,76.3,0.8500000238418579,-1,-1,-1
142,1,147.4,162.6,416.3,312.9,0.9300000071525574,-1,-1,-1
142,2,253.2,184.2,58.4,79.7,0.6600000262260437,-1,-1,-1
142,3,36.9,173.9,59.5,77.9,0.8199999928474426,-1,-1,-1
143,1,143.9,162.4,414.2,313.1,0.9100000262260437,-1,-1,-1
143,2,251.9,184.1,52.7,79.6,0.6600000262260437,-1,-1,-1
143,3,36.8,174.5,59.5,76.1,0.8299999833106995,-1,-1,-1
144,1,140.4,162.5,415.0,312.9,0.9200000166893005,-1,-1,-1
144,3,36.4,174.6,59.6,77.1,0.8299999833106995,-1,-1,-1
145,1,137.5,162.4,413.7,313.2,0.9300000071525574,-1,-1,-1
145,3,36.2,174.8,59.8,76.6,0.8299999833106995,-1,-1,-1
146,1,135.4,163.4,409.7,312.5,0.9300000071525574,-1,-1,-1
146,3,35.1,175.3,60.5,75.7,0.8299999833106995,-1,-1,-1
147,1,131.9,163.5,407.7,312.0,0.9200000166893005,-1,-1,-1
147,3,33.9,175.8,62.0,75.3,0.8399999737739563,-1,-1,-1
148,1,131.3,164.3,404.7,311.5,0.9300000071525574,-1,-1,-1
148,3,33.3,176.5,63.3,74.6,0.8399999737739563,-1,-1,-1
149,1,125.8,168.4,404.2,307.0,0.9399999976158142,-1,-1,-1
149,3,31.3,178.0,69.2,71.7,0.8500000238418579,-1,-1,-1
150,1,125.8,169.0,402.8,306.5,0.9399999976158142,-1,-1,-1
150,3,30.5,178.2,70.5,71.1,0.8500000238418579,-1,-1,-1
151,1,125.7,169.8,403.0,305.6,0.9399999976158142,-1,-1,-1
151,3,30.3,177.6,71.0,71.2,0.8600000143051147,-1,-1,-1
152,1,126.7,170.2,403.0,305.2,0.9399999976158142,-1,-1,-1
152,3,30.5,176.9,70.4,72.5,0.8600000143051147,-1,-1,-1
153,1,127.2,170.2,403.9,305.0,0.9399999976158142,-1,-1,-1
153,3,29.9,176.3,71.4,73.0,0.8600000143051147,-1,-1,-1
154,1,127.4,169.7,403.8,305.6,0.9399999976158142,-1,-1,-1
154,3,29.2,175.8,72.4,72.6,0.8700000047683716,-1,-1,-1
155,1,128.3,169.6,404.2,306.0,0.9399999976158142,-1,-1,-1
155,3,28.6,175.5,73.0,73.1,0.8799999952316284,-1,-1,-1
156,1,129.8,169.7,404.7,305.6,0.9399999976158142,-1,-1,-1
156,3,28.3,175.4,73.3,73.1,0.8799999952316284,-1,-1,-1
157,1,131.7,169.1,406.4,306.2,0.9399999976158142,-1,-1,-1
157,3,27.7,175.3,72.2,74.8,0.8799999952316284,-1,-1,-1
158,1,133.3,168.6,409.7,307.0,0.9300000071525574,-1,-1,-1
158,3,27.3,175.1,71.4,76.0,0.8799999952316284,-1,-1,-1
159,1,136.2,168.4,411.2,307.4,0.9300000071525574,-1,-1,-1
159,3,26.7,174.8,70.1,77.1,0.8799999952316284,-1,-1,-1
160,1,139.2,168.8,414.0,307.3,0.9300000071525574,-1,-1,-1
160,3,25.2,175.2,70.3,75.4,0.8899999856948853,-1,-1,-1
161,1,142.7,171.8,418.1,304.2,0.9300000071525574,-1,-1,-1
161,2,249.1,184.1,43.2,80.2,0.7599999904632568,-1,-1,-1
161,3,24.0,175.8,70.9,73.8,0.8899999856948853,-1,-1,-1
162,1,146.2,174.2,418.4,302.1,0.9300000071525574,-1,-1,-1
162,2,251.4,184.0,45.8,80.5,0.8199999928474426,-1,-1,-1
162,3,22.1,175.7,70.7,73.7,0.8899999856948853,-1,-1,-1
163,1,153.7,174.6,421.4,301.8,0.9399999976158142,-1,-1,-1
163,2,252.6,183.7,53.6,81.1,0.8199999928474426,-1,-1,-1
163,3,21.0,176.6,70.0,72.9,0.8799999952316284,-1,-1,-1
164,1,163.1,175.3,419.0,301.6,0.9300000071525574,-1,-1,-1
164,2,255.1,183.7,62.3,80.7,0.8899999856948853,-1,-1,-1
164,3,19.6,176.6,69.2,72.6,0.8700000047683716,-1,-1,-1
165,1,170.0,177.2,415.8,299.8,0.9399999976158142,-1,-1,-1
165,2,255.8,184.0,66.8,80.5,0.8999999761581421,-1,-1,-1
165,3,17.1,176.9,69.9,71.8,0.8600000143051147,-1,-1,-1
166,1,177.8,180.5,411.9,296.2,0.9399999976158142,-1,-1,-1
166,2,257.2,183.8,66.5,80.8,0.9100000262260437,-1,-1,-1
166,3,15.8,176.8,67.6,71.4,0.8700000047683716,-1,-1,-1
167,1,183.9,183.7,409.7,292.9,0.9399999976158142,-1,-1,-1
167,2,257.2,184.0,67.3,80.5,0.9100000262260437,-1,-1,-1
167,3,14.8,177.0,66.4,71.8,0.8600000143051147,-1,-1,-1
168,1,193.0,185.1,404.2,291.0,0.9399999976158142,-1,-1,-1
168,2,256.7,183.8,67.8,80.6,0.9100000262260437,-1,-1,-1
168,3,14.1,177.4,65.8,72.8,0.8600000143051147,-1,-1,-1
169,1,210.1,187.4,403.5,288.8,0.9300000071525574,-1,-1,-1
169,2,256.0,184.3,69.1,80.2,0.8999999761581421,-1,-1,-1
169,3,11.3,176.9,62.9,74.3,0.8500000238418579,-1,-1,-1
170,1,212.5,187.7,402.2,288.7,0.9300000071525574,-1,-1,-1
170,2,254.9,184.2,70.8,80.3,0.8899999856948853,-1,-1,-1
170,3,11.0,177.0,62.2,74.8,0.8500000238418579,-1,-1,-1
171,1,213.6,188.4,402.1,288.0,0.9200000166893005,-1,-1,-1
171,2,254.6,184.4,70.6,80.1,0.8899999856948853,-1,-1,-1
171,3,10.4,176.9,62.6,74.0,0.8700000047683716,-1,-1,-1
172,1,213.4,188.8,402.6,287.5,0.9300000071525574,-1,-1,-1
172,2,255.0,184.5,70.8,79.9,0.8899999856948853,-1,-1,-1
172,3,10.1,177.0,62.6,74.8,0.8600000143051147,-1,-1,-1
173,1,213.2,189.7,403.0,286.5,0.9300000071525574,-1,-1,-1
173,2,257.7,184.9,68.3,79.6,0.8899999856948853,-1,-1,-1
173,3,8.7,176.8,64.2,74.3,0.8600000143051147,-1,-1,-1
174,1,212.8,189.0,403.3,287.3,0.9300000071525574,-1,-1,-1
174,2,258.7,185.4,69.7,79.1,0.8799999952316284,-1,-1,-1
174,3,8.8,177.1,63.7,74.7,0.8600000143051147,-1,-1,-1
175,1,212.2,189.2,403.2,287.2,0.9300000071525574,-1,-1,-1
175,2,260.0,185.6,70.4,78.9,0.8199999928474426,-1,-1,-1
175,3,8.8,177.1,64.1,73.6,0.8500000238418579,-1,-1,-1
176,1,211.0,188.7,403.4,287.5,0.9300000071525574,-1,-1,-1
176,2,262.9,186.4,65.9,78.2,0.7699999809265137,-1,-1,-1
176,3,8.7,176.9,64.9,74.6,0.8600000143051147,-1,-1,-1
177,1,210.7,189.2,403.4,286.9,0.9300000071525574,-1,-1,-1
177,2,267.0,187.7,80.3,77.3,0.8299999833106995,-1,-1,-1
177,3,8.6,177.1,65.4,73.3,0.8600000143051147,-1,-1,-1
178,1,210.4,188.8,402.9,287.4,0.9300000071525574,-1,-1,-1
178,2,270.8,187.5,74.9,77.5,0.7799999713897705,-1,-1,-1
178,3,9.0,177.2,66.1,73.1,0.8700000047683716,-1,-1,-1
179,1,208.9,188.3,404.5,287.9,0.9300000071525574,-1,-1,-1
179,2,276.0,188.6,70.1,76.1,0.7099999785423279,-1,-1,-1
179,3,10.6,177.4,65.1,74.2,0.8600000143051147,-1,-1,-1
180,1,208.2,188.3,405.1,287.7,0.9399999976158142,-1,-1,-1
180,2,279.6,188.4,66.2,76.5,0.8500000238418579,-1,-1,-1
180,3,11.5,177.5,64.8,73.2,0.8700000047683716,-1,-1,-1
181,1,206.8,186.6,406.3,289.5,0.9399999976158142,-1,-1,-1
181,2,292.1,188.2,50.6,76.3,0.8799999952316284,-1,-1,-1
181,3,19.6,177.7,62.2,70.9,0.8600000143051147,-1,-1,-1
182,1,206.4,184.3,405.5,291.8,0.9399999976158142,-1,-1,-1
182,2,296.9,187.3,46.2,77.3,0.8999999761581421,-1,-1,-1
182,3,22.1,178.3,63.1,70.7,0.8500000238418579,-1,-1,-1
183,1,206.3,183.6,404.2,292.4,0.949999988079071,-1,-1,-1
183,2,299.1,187.4,46.0,77.4,0.8899999856948853,-1,-1,-1
183,3,25.1,179.0,62.8,70.4,0.8399999737739563,-1,-1,-1
184,1,204.4,183.3,404.7,292.9,0.949999988079071,-1,-1,-1
184,2,301.4,186.6,45.3,78.3,0.8799999952316284,-1,-1,-1
184,3,28.8,179.3,61.1,71.6,0.8399999737739563,-1,-1,-1
185,1,203.7,182.6,401.4,293.9,0.949999988079071,-1,-1,-1
185,2,303.4,186.8,44.5,78.1,0.8799999952316284,-1,-1,-1
185,3,31.3,180.5,61.2,71.0,0.8500000238418579,-1,-1,-1
186,1,198.4,182.4,401.7,294.0,0.949999988079071,-1,-1,-1
186,2,304.5,187.3,44.5,77.7,0.8899999856948853,-1,-1,-1
186,3,34.3,180.6,61.0,71.3,0.8600000143051147,-1,-1,-1
187,1,197.0,182.1,400.7,294.6,0.949999988079071,-1,-1,-1
187,2,306.1,186.9,47.2,78.1,0.8700000047683716,-1,-1,-1
187,3,36.7,180.1,62.0,72.9,0.8700000047683716,-1,-1,-1
188,1,195.5,182.7,403.4,294.0,0.949999988079071,-1,-1,-1
188,2,308.4,188.3,48.7,76.5,0.8899999856948853,-1,-1,-1
188,3,38.7,180.9,63.6,72.6,0.8700000047683716,-1,-1,-1
189,1,194.5,182.2,402.3,294.5,0.9599999785423279,-1,-1,-1
189,2,310.0,188.5,48.1,76.5,0.8999999761581421,-1,-1,-1
189,3,41.1,181.0,64.0,72.2,0.8700000047683716,-1,-1,-1
190,1,193.0,180.8,401.9,295.6,0.949999988079071,-1,-1,-1
190,2,312.4,187.7,46.6,77.9,0.8899999856948853,-1,-1,-1
190,3,43.2,181.0,64.0,72.5,0.8700000047683716,-1,-1,-1
191,1,191.3,180.7,402.0,295.7,0.949999988079071,-1,-1,-1
191,2,314.9,188.2,45.5,77.4,0.8500000238418579,-1,-1,-1
191,3,44.5,181.4,64.7,71.4,0.8600000143051147,-1,-1,-1
192,1,187.4,180.3,398.6,296.3,0.949999988079071,-1,-1,-1
192,3,47.6,181.3,67.5,70.4,0.8700000047683716,-1,-1,-1
193,1,187.4,180.8,399.3,295.9,0.9599999785423279,-1,-1,-1
193,3,48.9,181.4,68.5,69.4,0.8700000047683716,-1,-1,-1
194,1,187.7,180.9,398.8,295.7,0.949999988079071,-1,-1,-1
194,3,50.5,181.5,68.0,68.6,0.8799999952316284,-1,-1,-1
195,1,187.2,180.8,398.7,295.8,0.949999988079071,-1,-1,-1
195,3,52.2,180.9,67.0,68.7,0.8799999952316284,-1,-1,-1
196,1,187.7,181.1,399.0,295.5,0.949999988079071,-1,-1,-1
196,3,53.9,181.1,66.8,68.0,0.8799999952316284,-1,-1,-1
197,1,188.6,180.8,397.5,295.7,0.949999988079071,-1,-1,-1
197,3,55.0,181.1,65.9,67.8,0.8700000047683716,-1,-1,-1
198,1,189.0,180.5,397.5,296.1,0.949999988079071,-1,-1,-1
198,3,55.4,180.7,66.6,68.7,0.8600000143051147,-1,-1,-1
199,1,189.4,180.6,398.1,296.1,0.949999988079071,-1,-1,-1
199,3,55.1,181.1,67.2,68.0,0.8500000238418579,-1,-1,-1
200,1,189.7,180.3,398.5,296.2,0.949999988079071,-1,-1,-1
200,3,55.8,181.3,66.6,67.8,0.8500000238418579,-1,-1,-1
201,1,190.4,180.5,398.4,296.1,0.949999988079071,-1,-1,-1
201,3,56.3,181.4,66.5,67.8,0.8600000143051147,-1,-1,-1
202,1,190.8,180.7,399.1,295.8,0.949999988079071,-1,-1,-1
202,3,57.0,181.0,65.8,68.2,0.8500000238418579,-1,-1,-1
203,1,191.1,181.3,399.2,295.2,0.949999988079071,-1,-1,-1
203,3,57.4,181.3,65.6,67.8,0.8500000238418579,-1,-1,-1
204,1,191.9,181.0,398.6,295.5,0.9599999785423279,-1,-1,-1
204,3,59.1,181.0,64.2,67.9,0.8500000238418579,-1,-1,-1
205,1,192.6,181.8,398.5,294.8,0.949999988079071,-1,-1,-1
205,3,59.6,181.1,63.7,67.7,0.8500000238418579,-1,-1,-1
206,1,194.2,181.7,396.6,294.8,0.9599999785423279,-1,-1,-1
206,3,59.9,181.0,63.4,67.6,0.8600000143051147,-1,-1,-1
207,1,194.4,181.9,397.6,294.6,0.9599999785423279,-1,-1,-1
207,3,60.9,180.9,62.3,67.8,0.8600000143051147,-1,-1,-1
208,1,195.6,181.8,396.5,294.6,0.949999988079071,-1,-1,-1
208,3,60.7,181.0,62.4,67.9,0.8600000143051147,-1,-1,-1
209,1,196.3,182.1,396.6,294.5,0.949999988079071,-1,-1,-1
209,3,61.5,180.7,61.5,68.2,0.8600000143051147,-1,-1,-1
210,1,196.7,182.3,397.1,294.1,0.949999988079071,-1,-1,-1
210,3,61.9,180.8,60.9,68.0,0.8600000143051147,-1,-1,-1
211,1,195.6,181.7,398.6,294.8,0.9599999785423279,-1,-1,-1
211,3,62.6,180.6,60.3,68.2,0.8600000143051147,-1,-1,-1
212,1,195.7,182.0,397.9,294.5,0.949999988079071,-1,-1,-1
212,3,63.6,180.5,59.3,68.2,0.8600000143051147,-1,-1,-1
213,1,195.0,181.8,398.7,294.7,0.949999988079071,-1,-1,-1
213,3,64.0,180.4,58.8,68.4,0.8600000143051147,-1,-1,-1
214,1,193.8,182.7,399.4,294.0,0.949999988079071,-1,-1,-1
214,3,64.1,180.3,58.5,68.6,0.8600000143051147,-1,-1,-1
215,1,193.6,184.6,398.9,292.1,0.949999988079071,-1,-1,-1
215,3,64.0,180.4,58.4,68.3,0.8600000143051147,-1,-1,-1
216,1,192.1,188.1,399.5,288.7,0.9399999976158142,-1,-1,-1
216,3,64.2,180.3,58.3,68.6,0.8600000143051147,-1,-1,-1
217,1,189.7,190.6,400.1,286.2,0.949999988079071,-1,-1,-1
217,3,64.5,180.1,57.4,68.4,0.8500000238418579,-1,-1,-1
218,1,187.1,193.3,400.8,283.5,0.9399999976158142,-1,-1,-1
218,3,64.1,179.8,57.6,68.8,0.8600000143051147,-1,-1,-1
219,1,183.4,198.4,402.7,278.5,0.9399999976158142,-1,-1,-1
219,3,64.4,179.8,57.2,69.0,0.8600000143051147,-1,-1,-1
220,1,182.9,199.8,402.1,277.2,0.9399999976158142,-1,-1,-1
220,3,64.3,179.6,57.0,69.3,0.8500000238418579,-1,-1,-1
221,1,182.0,202.2,400.2,274.7,0.949999988079071,-1,-1,-1
221,2,414.6,191.5,61.8,105.1,0.7200000286102295,-1,-1,-1
221,3,63.8,179.6,57.5,69.3,0.8500000238418579,-1,-1,-1
221,4,414.0,191.4,62.7,98.7,0.6499999761581421,-1,-1,-1
222,1,180.3,205.0,399.6,271.9,0.9599999785423279,-1,-1,-1
222,3,64.0,179.7,57.4,69.3,0.8399999737739563,-1,-1,-1
222,4,411.1,190.9,72.2,105.6,0.6600000262260437,-1,-1,-1
223,1,179.2,205.5,398.1,271.4,0.949999988079071,-1,-1,-1
223,3,63.4,179.7,57.7,69.1,0.8500000238418579,-1,-1,-1
224,1,178.0,205.7,400.0,271.0,0.949999988079071,-1,-1,-1
224,3,62.9,179.5,58.4,69.3,0.8500000238418579,-1,-1,-1
225,1,176.1,206.0,399.5,270.7,0.949999988079071,-1,-1,-1
225,3,62.8,179.4,58.0,69.5,0.8500000238418579,-1,-1,-1
226,1,176.8,206.3,396.6,270.5,0.949999988079071,-1,-1,-1
226,3,62.5,179.6,58.7,69.3,0.8399999737739563,-1,-1,-1
227,1,177.1,206.1,396.3,270.6,0.949999988079071,-1,-1,-1
227,3,62.2,179.1,59.0,69.8,0.8399999737739563,-1,-1,-1
228,1,178.4,206.9,397.6,269.8,0.949999988079071,-1,-1,-1
228,3,62.1,179.3,59.0,69.5,0.8399999737739563,-1,-1,-1
229,1,178.8,207.5,392.6,269.2,0.949999988079071,-1,-1,-1
229,2,432.4,190.6,66.3,83.1,0.6299999952316284,-1,-1,-1
229,3,62.2,179.1,58.8,69.6,0.8399999737739563,-1,-1,-1
229,4,432.1,190.8,66.7,77.4,0.6100000143051147,-1,-1,-1
230,1,180.9,207.4,394.2,269.8,0.949999988079071,-1,-1,-1
230,3,61.5,179.0,60.0,70.0,0.8399999737739563,-1,-1,-1
230,4,434.1,191.5,65.9,72.3,0.6299999952316284,-1,-1,-1
231,1,179.3,207.9,398.9,268.8,0.949999988079071,-1,-1,-1
231,3,61.9,179.0,59.3,70.0,0.8500000238418579,-1,-1,-1
231,4,434.6,192.1,67.7,67.9,0.6399999856948853,-1,-1,-1
232,1,180.3,207.8,397.1,268.9,0.949999988079071,-1,-1,-1
232,3,61.5,178.9,60.2,70.1,0.8399999737739563,-1,-1,-1
232,4,437.7,192.6,65.5,67.2,0.6800000071525574,-1,-1,-1
233,1,180.4,206.6,398.2,270.1,0.949999988079071,-1,-1,-1
233,3,60.2,178.9,61.5,70.2,0.8299999833106995,-1,-1,-1
233,4,439.1,192.6,65.2,67.8,0.6100000143051147,-1,-1,-1
234,1,180.7,207.3,398.3,269.5,0.949999988079071,-1,-1,-1
234,3,61.1,179.0,60.4,70.0,0.8399999737739563,-1,-1,-1
234,4,440.8,193.0,64.7,66.7,0.699999988079071,-1,-1,-1
235,1,180.6,207.5,397.2,269.4,0.949999988079071,-1,-1,-1
235,3,62.2,179.1,58.6,69.6,0.8500000238418579,-1,-1,-1
235,4,442.7,193.1,63.0,68.0,0.7099999785423279,-1,-1,-1
236,1,180.5,207.8,398.4,269.1,0.949999988079071,-1,-1,-1
236,3,61.9,179.0,58.8,69.7,0.8500000238418579,-1,-1,-1
236,4,445.0,193.1,62.6,68.9,0.6899999976158142,-1,-1,-1
237,1,180.3,208.0,397.8,269.0,0.949999988079071,-1,-1,-1
237,3,61.7,179.1,59.1,69.7,0.8399999737739563,-1,-1,-1
238,1,180.2,208.6,397.9,268.3,0.949999988079071,-1,-1,-1
238,3,62.1,179.2,58.8,69.6,0.8500000238418579,-1,-1,-1
239,1,180.4,208.4,398.4,268.4,0.949999988079071,-1,-1,-1
239,3,62.9,179.2,58.0,69.4,0.8500000238418579,-1,-1,-1
240,1,180.6,207.9,399.0,269.1,0.949999988079071,-1,-1,-1
240,3,63.1,179.3,58.1,69.2,0.8600000143051147,-1,-1,-1
241,1,180.8,207.4,398.2,269.5,0.949999988079071,-1,-1,-1
241,3,63.2,179.2,57.9,69.6,0.8700000047683716,-1,-1,-1
242,1,180.7,207.9,399.2,269.0,0.949999988079071,-1,-1,-1
242,3,63.4,179.4,57.8,69.3,0.8600000143051147,-1,-1,-1
243,1,181.5,207.3,399.6,269.6,0.949999988079071,-1,-1,-1
243,3,63.4,179.2,57.6,69.6,0.8700000047683716,-1,-1,-1
244,1,180.6,207.2,399.8,269.7,0.949999988079071,-1,-1,-1
244,3,63.3,179.4,57.9,69.4,0.8600000143051147,-1,-1,-1
245,1,181.8,207.2,398.9,269.6,0.949999988079071,-1,-1,-1
245,3,63.4,179.6,58.0,69.0,0.8600000143051147,-1,-1,-1
246,1,181.8,207.3,399.2,269.6,0.949999988079071,-1,-1,-1
246,3,63.7,179.5,58.2,69.1,0.8700000047683716,-1,-1,-1
247,1,181.3,207.9,399.0,268.9,0.949999988079071,-1,-1,-1
247,3,62.9,179.5,58.6,69.2,0.8600000143051147,-1,-1,-1
247,4,469.0,195.2,56.4,63.6,0.6700000166893005,-1,-1,-1
248,1,181.5,206.9,399.8,269.9,0.949999988079071,-1,-1,-1
248,3,62.1,179.2,59.5,69.3,0.8600000143051147,-1,-1,-1
248,4,475.3,196.1,80.9,67.9,0.6800000071525574,-1,-1,-1
249,1,181.7,207.0,399.5,269.8,0.949999988079071,-1,-1,-1
249,3,61.7,179.3,60.2,69.4,0.8600000143051147,-1,-1,-1
249,4,477.2,195.9,86.8,69.1,0.699999988079071,-1,-1,-1
250,1,181.7,207.4,399.1,269.4,0.949999988079071,-1,-1,-1
250,3,61.3,179.3,60.3,69.4,0.8600000143051147,-1,-1,-1
250,4,478.1,195.5,86.1,70.0,0.6800000071525574,-1,-1,-1
251,1,181.7,206.0,400.4,270.9,0.949999988079071,-1,-1,-1
251,3,60.8,179.2,61.2,69.5,0.8600000143051147,-1,-1,-1
251,4,478.9,195.0,85.8,70.6,0.6700000166893005,-1,-1,-1
252,1,181.4,207.0,399.2,270.0,0.949999988079071,-1,-1,-1
252,3,60.3,179.4,61.4,69.3,0.8600000143051147,-1,-1,-1
252,4,480.0,196.1,83.3,69.2,0.7099999785423279,-1,-1,-1
253,1,182.3,206.3,397.9,270.6,0.949999988079071,-1,-1,-1
253,3,60.0,179.3,61.9,69.8,0.8600000143051147,-1,-1,-1
253,4,479.8,196.9,84.0,68.6,0.6499999761581421,-1,-1,-1
254,1,182.5,206.3,398.6,270.6,0.949999988079071,-1,-1,-1
254,3,60.0,179.5,61.7,69.3,0.8500000238418579,-1,-1,-1
254,4,480.9,196.9,83.3,69.6,0.6600000262260437,-1,-1,-1
255,1,182.2,206.1,398.5,270.8,0.949999988079071,-1,-1,-1
255,3,59.4,179.5,62.3,69.5,0.8600000143051147,-1,-1,-1
255,4,481.1,197.2,84.0,69.6,0.6600000262260437,-1,-1,-1
256,1,182.8,206.3,398.8,270.6,0.949999988079071,-1,-1,-1
256,3,58.2,179.5,63.7,69.7,0.8399999737739563,-1,-1,-1
256,4,482.6,197.4,83.9,69.5,0.7200000286102295,-1,-1,-1
257,1,181.5,206.4,399.4,270.5,0.949999988079071,-1,-1,-1
257,3,58.4,179.6,63.7,69.4,0.8500000238418579,-1,-1,-1
257,4,483.2,197.8,84.4,68.9,0.6600000262260437,-1,-1,-1
258,1,181.9,206.0,399.6,270.9,0.949999988079071,-1,-1,-1
258,3,59.1,179.7,62.9,69.2,0.8500000238418579,-1,-1,-1
258,4,483.7,198.1,85.2,70.7,0.6100000143051147,-1,-1,-1
259,1,181.7,206.3,399.8,270.6,0.949999988079071,-1,-1,-1
259,3,59.6,179.5,62.4,69.5,0.8500000238418579,-1,-1,-1
260,1,182.4,206.0,398.5,270.8,0.949999988079071,-1,-1,-1
260,3,58.0,179.6,64.0,69.7,0.8500000238418579,-1,-1,-1
260,4,485.1,197.7,85.4,73.4,0.6200000047683716,-1,-1,-1
261,1,181.9,206.2,399.7,270.6,0.9399999976158142,-1,-1,-1
261,3,58.6,179.7,63.3,69.2,0.8399999737739563,-1,-1,-1
262,1,181.9,206.2,399.8,270.6,0.9399999976158142,-1,-1,-1
262,3,58.7,179.8,63.3,69.2,0.8399999737739563,-1,-1,-1
263,1,182.3,205.7,400.6,271.2,0.949999988079071,-1,-1,-1
263,3,59.1,179.7,63.0,69.4,0.8500000238418579,-1,-1,-1
264,1,182.0,206.3,399.7,270.6,0.949999988079071,-1,-1,-1
264,3,57.6,179.5,64.4,69.7,0.8500000238418579,-1,-1,-1
264,4,491.5,198.2,88.6,68.0,0.6600000262260437,-1,-1,-1
265,1,182.3,206.6,398.3,270.3,0.949999988079071,-1,-1,-1
265,3,57.5,179.3,64.7,69.9,0.8500000238418579,-1,-1,-1
266,1,182.3,205.7,398.6,271.2,0.9399999976158142,-1,-1,-1
266,3,57.8,179.5,64.7,69.9,0.8500000238418579,-1,-1,-1
267,1,182.2,206.0,399.3,270.9,0.949999988079071,-1,-1,-1
267,3,57.4,179.3,65.0,70.3,0.8500000238418579,-1,-1,-1
268,1,182.3,205.7,399.9,271.1,0.949999988079071,-1,-1,-1
268,3,58.1,179.6,65.0,69.9,0.8500000238418579,-1,-1,-1
269,1,182.4,205.0,399.1,271.8,0.949999988079071,-1,-1,-1
269,3,57.5,179.4,67.8,70.2,0.8600000143051147,-1,-1,-1
270,1,182.3,206.4,400.7,270.4,0.949999988079071,-1,-1,-1
270,3,57.6,179.3,72.7,70.1,0.8700000047683716,-1,-1,-1
271,1,181.9,206.1,402.2,270.8,0.949999988079071,-1,-1,-1
271,3,58.4,179.4,73.9,69.6,0.8700000047683716,-1,-1,-1
271,4,496.4,199.2,94.9,102.5,0.6800000071525574,-1,-1,-1
272,1,182.6,206.4,401.0,270.5,0.949999988079071,-1,-1,-1
272,3,59.6,179.3,74.1,69.8,0.8700000047683716,-1,-1,-1
273,1,181.9,206.6,401.1,270.3,0.9399999976158142,-1,-1,-1
273,3,60.1,179.2,74.5,69.8,0.8700000047683716,-1,-1,-1
273,4,499.0,199.4,93.7,103.3,0.6399999856948853,-1,-1,-1
274,1,182.1,206.1,401.6,270.8,0.949999988079071,-1,-1,-1
274,3,61.9,179.3,73.0,69.6,0.8799999952316284,-1,-1,-1
275,1,182.7,206.2,400.5,270.7,0.949999988079071,-1,-1,-1
275,3,62.7,179.3,72.1,69.6,0.8799999952316284,-1,-1,-1
276,1,182.2,206.2,401.1,270.7,0.9399999976158142,-1,-1,-1
276,3,62.9,179.3,71.8,69.5,0.8799999952316284,-1,-1,-1
277,1,182.6,205.7,399.6,271.1,0.9399999976158142,-1,-1,-1
277,3,63.0,179.7,71.0,69.2,0.8799999952316284,-1,-1,-1
278,1,182.8,205.5,400.3,271.4,0.949999988079071,-1,-1,-1
278,3,63.2,179.5,70.2,69.8,0.8899999856948853,-1,-1,-1
279,1,182.6,204.9,399.5,272.1,0.9399999976158142,-1,-1,-1
279,3,63.3,179.8,68.2,69.4,0.8899999856948853,-1,-1,-1
279,4,500.2,200.2,91.8,102.1,0.6499999761581421,-1,-1,-1
280,1,182.3,204.9,400.7,272.1,0.9399999976158142,-1,-1,-1
280,3,63.0,180.0,67.9,69.6,0.8799999952316284,-1,-1,-1
281,1,182.2,204.9,400.8,272.1,0.9399999976158142,-1,-1,-1
281,3,63.0,180.0,67.9,69.6,0.8799999952316284,-1,-1,-1
282,1,181.7,204.4,400.6,272.5,0.949999988079071,-1,-1,-1
282,3,63.1,180.0,66.5,69.2,0.8799999952316284,-1,-1,-1
283,1,180.2,202.0,402.2,274.9,0.949999988079071,-1,-1,-1
283,3,63.2,180.1,63.4,69.3,0.8799999952316284,-1,-1,-1
284,1,178.8,200.9,405.0,275.8,0.949999988079071,-1,-1,-1
284,3,62.9,180.5,60.3,68.6,0.8700000047683716,-1,-1,-1
285,1,179.1,200.4,404.2,276.4,0.949999988079071,-1,-1,-1
285,3,62.6,180.5,60.2,68.1,0.8700000047683716,-1,-1,-1
286,1,178.2,199.0,404.9,277.9,0.9399999976158142,-1,-1,-1
286,3,62.5,180.6,60.0,68.0,0.8700000047683716,-1,-1,-1
287,1,177.4,198.4,404.2,278.4,0.949999988079071,-1,-1,-1
287,3,62.7,180.6,59.8,67.9,0.8700000047683716,-1,-1,-1
288,1,175.6,198.1,405.8,278.7,0.9399999976158142,-1,-1,-1
288,3,62.5,180.5,60.1,68.0,0.8600000143051147,-1,-1,-1
289,1,167.6,194.8,413.4,281.8,0.949999988079071,-1,-1,-1
289,3,62.8,180.5,59.1,68.1,0.8500000238418579,-1,-1,-1
290,1,164.0,194.2,417.0,282.4,0.9399999976158142,-1,-1,-1
290,3,63.0,180.7,58.3,68.0,0.8600000143051147,-1,-1,-1
291,1,158.6,194.6,421.2,282.1,0.949999988079071,-1,-1,-1
291,3,62.7,180.5,58.5,68.3,0.8500000238418579,-1,-1,-1
291,4,507.4,203.0,38.5,46.8,0.6499999761581421,-1,-1,-1
292,1,152.7,195.0,427.1,281.6,0.9399999976158142,-1,-1,-1
292,3,62.6,180.6,58.5,68.2,0.8500000238418579,-1,-1,-1
293,1,158.6,194.5,422.7,282.0,0.949999988079071,-1,-1,-1
293,3,62.6,180.9,58.5,68.3,0.8600000143051147,-1,-1,-1
294,1,150.8,195.0,427.8,281.5,0.9399999976158142,-1,-1,-1
294,3,62.4,181.1,58.8,68.4,0.8600000143051147,-1,-1,-1
295,1,154.9,196.1,424.0,280.4,0.9399999976158142,-1,-1,-1
295,3,62.4,181.1,58.5,68.4,0.8500000238418579,-1,-1,-1
296,1,162.8,195.2,417.6,281.6,0.9399999976158142,-1,-1,-1
296,3,61.7,180.7,59.2,68.2,0.8600000143051147,-1,-1,-1
297,1,167.5,196.3,409.8,280.1,0.9399999976158142,-1,-1,-1
297,3,61.5,180.8,60.0,67.7,0.8600000143051147,-1,-1,-1
298,1,168.0,197.0,411.6,279.7,0.949999988079071,-1,-1,-1
298,3,61.2,180.8,60.0,67.7,0.8700000047683716,-1,-1,-1
299,1,164.8,197.0,415.7,279.6,0.9399999976158142,-1,-1,-1
299,3,61.1,180.8,60.3,67.9,0.8600000143051147,-1,-1,-1
300,1,165.1,196.9,414.0,279.4,0.9399999976158142,-1,-1,-1
300,3,61.4,180.6,60.3,68.1,0.8600000143051147,-1,-1,-1
301,1,166.1,196.9,411.0,279.5,0.9399999976158142,-1,-1,-1
301,3,61.6,180.8,60.3,67.9,0.8600000143051147,-1,-1,-1
301,4,515.9,203.3,52.0,65.7,0.6100000143051147,-1,-1,-1
302,1,168.9,197.7,411.1,278.8,0.9399999976158142,-1,-1,-1
302,3,61.7,180.8,60.0,67.8,0.8600000143051147,-1,-1,-1
303,1,166.8,197.9,410.9,278.5,0.9399999976158142,-1,-1,-1
303,3,62.2,180.9,59.8,67.7,0.8700000047683716,-1,-1,-1
303,4,516.9,202.6,49.9,67.9,0.6200000047683716,-1,-1,-1
304,1,166.2,197.3,411.1,279.0,0.9399999976158142,-1,-1,-1
304,3,62.4,180.6,59.8,68.0,0.8500000238418579,-1,-1,-1
305,1,169.4,197.1,410.6,279.3,0.949999988079071,-1,-1,-1
305,3,61.9,180.8,60.0,67.8,0.8600000143051147,-1,-1,-1
305,4,519.6,203.3,48.1,67.3,0.6100000143051147,-1,-1,-1
306,1,169.3,197.2,411.0,279.5,0.9399999976158142,-1,-1,-1
306,3,61.3,180.6,60.5,68.0,0.8600000143051147,-1,-1,-1
307,1,168.4,196.8,412.8,279.9,0.949999988079071,-1,-1,-1
307,3,57.5,180.1,62.0,68.5,0.8799999952316284,-1,-1,-1
308,1,170.3,196.2,409.9,280.5,0.949999988079071,-1,-1,-1
308,3,55.3,180.1,62.5,68.7,0.8799999952316284,-1,-1,-1
309,1,170.6,196.1,410.4,280.7,0.949999988079071,-1,-1,-1
309,3,52.6,179.8,64.0,68.7,0.8899999856948853,-1,-1,-1
310,1,170.3,195.7,410.1,281.1,0.949999988079071,-1,-1,-1
310,3,50.6,179.6,64.8,69.2,0.8799999952316284,-1,-1,-1
311,1,169.6,196.0,411.9,280.9,0.949999988079071,-1,-1,-1
311,3,47.9,179.2,65.9,69.0,0.8799999952316284,-1,-1,-1
312,1,170.6,196.0,410.0,280.9,0.9399999976158142,-1,-1,-1
312,3,46.7,178.6,65.4,70.3,0.8600000143051147,-1,-1,-1
313,1,170.6,196.0,409.9,280.9,0.9399999976158142,-1,-1,-1
313,3,46.6,178.5,65.4,70.4,0.8600000143051147,-1,-1,-1
314,1,170.6,195.8,410.8,281.0,0.949999988079071,-1,-1,-1
314,3,39.6,177.6,67.3,74.4,0.8700000047683716,-1,-1,-1
315,1,170.5,196.1,410.6,280.6,0.9399999976158142,-1,-1,-1
315,3,36.5,177.1,67.6,74.3,0.8600000143051147,-1,-1,-1
316,1,171.9,195.4,409.0,281.4,0.949999988079071,-1,-1,-1
316,3,33.8,176.6,67.9,73.1,0.8500000238418579,-1,-1,-1
317,1,171.8,195.7,409.3,281.1,0.949999988079071,-1,-1,-1
317,3,29.7,176.1,68.8,73.1,0.8600000143051147,-1,-1,-1
318,1,171.5,195.6,409.4,281.1,0.949999988079071,-1,-1,-1
318,3,28.3,176.7,67.7,74.6,0.8500000238418579,-1,-1,-1
319,1,170.4,195.4,410.6,281.5,0.9399999976158142,-1,-1,-1
319,3,25.5,176.8,68.9,73.4,0.8799999952316284,-1,-1,-1
320,1,171.1,195.8,409.7,281.1,0.949999988079071,-1,-1,-1
320,3,22.7,176.8,70.9,72.4,0.8700000047683716,-1,-1,-1
321,1,171.2,195.8,409.7,281.0,0.949999988079071,-1,-1,-1
321,3,22.5,176.8,71.1,72.3,0.8700000047683716,-1,-1,-1
322,1,172.1,195.4,408.7,281.4,0.949999988079071,-1,-1,-1
322,3,20.5,176.5,71.5,72.2,0.8999999761581421,-1,-1,-1
323,1,171.5,195.3,409.7,281.5,0.9399999976158142,-1,-1,-1
323,3,17.5,176.6,73.1,72.2,0.8799999952316284,-1,-1,-1
324,1,170.2,195.5,410.8,281.2,0.949999988079071,-1,-1,-1
324,3,14.7,176.7,74.4,71.6,0.8799999952316284,-1,-1,-1
324,4,529.6,206.5,31.8,67.3,0.6399999856948853,-1,-1,-1
325,1,171.3,195.7,409.5,281.1,0.949999988079071,-1,-1,-1
325,3,13.4,176.7,74.7,72.5,0.8700000047683716,-1,-1,-1
325,4,530.2,206.4,32.1,67.5,0.6600000262260437,-1,-1,-1
326,1,171.2,195.6,409.8,281.2,0.9399999976158142,-1,-1,-1
326,3,12.4,176.4,75.1,72.9,0.8700000047683716,-1,-1,-1
326,4,531.5,206.5,31.4,66.8,0.6399999856948853,-1,-1,-1
327,1,172.7,195.6,408.3,281.0,0.9399999976158142,-1,-1,-1
327,3,12.0,176.4,74.5,72.3,0.8799999952316284,-1,-1,-1
328,1,171.9,195.6,408.6,281.1,0.9399999976158142,-1,-1,-1
328,3,10.9,176.1,75.1,72.4,0.8799999952316284,-1,-1,-1
329,1,172.0,195.2,409.0,281.5,0.9399999976158142,-1,-1,-1
329,3,10.6,175.8,74.5,73.2,0.8799999952316284,-1,-1,-1
329,4,537.9,206.0,31.4,91.7,0.6899999976158142,-1,-1,-1
330,1,171.2,195.2,410.2,281.6,0.949999988079071,-1,-1,-1
330,3,10.8,175.8,74.5,72.5,0.8799999952316284,-1,-1,-1
331,1,172.9,195.1,407.6,281.7,0.949999988079071,-1,-1,-1
331,3,11.3,175.9,73.6,72.9,0.8799999952316284,-1,-1,-1
332,1,173.0,195.1,407.5,281.7,0.949999988079071,-1,-1,-1
332,3,11.4,176.0,73.5,72.9,0.8799999952316284,-1,-1,-1
333,1,172.5,195.3,408.1,281.5,0.949999988079071,-1,-1,-1
333,3,10.6,176.1,74.4,73.2,0.8799999952316284,-1,-1,-1
333,4,543.0,208.8,31.5,90.9,0.699999988079071,-1,-1,-1
334,1,172.7,195.6,408.1,281.1,0.9399999976158142,-1,-1,-1
334,3,10.5,176.0,73.5,73.2,0.8700000047683716,-1,-1,-1
334,4,544.5,207.6,32.1,91.4,0.6100000143051147,-1,-1,-1
335,1,171.6,195.2,409.0,281.6,0.9399999976158142,-1,-1,-1
335,3,10.5,175.9,73.4,72.1,0.8799999952316284,-1,-1,-1
335,4,545.5,205.7,32.0,94.3,0.7400000095367432,-1,-1,-1
336,1,172.9,195.8,407.5,280.9,0.9399999976158142,-1,-1,-1
336,3,9.9,176.0,74.0,72.1,0.8799999952316284,-1,-1,-1
336,4,546.9,205.2,32.3,94.8,0.699999988079071,-1,-1,-1
337,1,171.8,195.8,409.2,281.0,0.9399999976158142,-1,-1,-1
337,3,9.6,176.2,73.8,72.3,0.8799999952316284,-1,-1,-1
337,4,548.4,205.6,31.7,94.2,0.6299999952316284,-1,-1,-1
338,1,171.6,195.5,409.9,281.2,0.9399999976158142,-1,-1,-1
338,3,9.3,176.1,74.8,71.3,0.8799999952316284,-1,-1,-1
338,4,548.8,206.7,31.8,92.1,0.6700000166893005,-1,-1,-1
339,1,171.6,195.5,409.7,281.3,0.9399999976158142,-1,-1,-1
339,3,9.6,176.2,73.8,71.6,0.8799999952316284,-1,-1,-1
339,4,549.8,206.8,30.6,93.2,0.6399999856948853,-1,-1,-1
340,1,173.2,195.5,407.1,281.3,0.949999988079071,-1,-1,-1
340,3,9.4,176.4,73.3,73.1,0.8799999952316284,-1,-1,-1
341,1,172.0,195.5,409.0,281.3,0.9399999976158142,-1,-1,-1
341,3,9.0,176.3,73.5,73.7,0.8799999952316284,-1,-1,-1
342,1,173.4,195.3,407.3,281.4,0.949999988079071,-1,-1,-1
342,3,9.1,176.5,72.9,72.2,0.8799999952316284,-1,-1,-1
343,1,173.5,195.2,407.2,281.4,0.949999988079071,-1,-1,-1
343,3,9.2,176.5,72.9,72.1,0.8799999952316284,-1,-1,-1
344,1,172.7,195.5,408.8,281.1,0.949999988079071,-1,-1,-1
344,3,8.8,176.4,73.0,72.9,0.8799999952316284,-1,-1,-1
345,1,172.3,195.2,408.6,281.7,0.949999988079071,-1,-1,-1
345,3,8.7,176.3,73.0,73.2,0.8799999952316284,-1,-1,-1
346,1,172.1,195.1,408.8,281.7,0.9399999976158142,-1,-1,-1
346,3,9.3,176.3,72.3,72.1,0.8700000047683716,-1,-1,-1
347,1,173.2,195.6,407.5,281.1,0.949999988079071,-1,-1,-1
347,3,9.0,176.2,72.7,71.5,0.8799999952316284,-1,-1,-1
348,1,173.7,195.6,407.1,281.2,0.949999988079071,-1,-1,-1
348,3,8.5,175.9,72.7,73.3,0.8799999952316284,-1,-1,-1
349,1,173.1,195.6,408.1,281.3,0.949999988079071,-1,-1,-1
349,3,8.1,175.6,73.3,73.7,0.8899999856948853,-1,-1,-1
350,1,172.1,195.5,408.8,281.3,0.9399999976158142,-1,-1,-1
350,3,8.3,176.0,73.0,72.0,0.8799999952316284,-1,-1,-1
351,1,171.8,195.6,408.6,281.1,0.9399999976158142,-1,-1,-1
351,3,8.6,175.8,72.7,71.5,0.8799999952316284,-1,-1,-1
352,1,171.8,195.4,409.4,281.3,0.949999988079071,-1,-1,-1
352,3,8.3,175.6,73.0,72.0,0.8799999952316284,-1,-1,-1
353,1,171.8,195.3,408.6,281.5,0.949999988079071,-1,-1,-1
353,3,7.9,175.9,72.9,72.9,0.8799999952316284,-1,-1,-1
354,1,171.9,195.3,408.6,281.5,0.949999988079071,-1,-1,-1
354,3,7.9,175.9,72.9,73.0,0.8799999952316284,-1,-1,-1
355,1,173.5,196.0,407.3,280.7,0.949999988079071,-1,-1,-1
355,3,8.0,176.0,72.8,73.0,0.8799999952316284,-1,-1,-1
356,1,172.2,195.8,408.3,281.0,0.949999988079071,-1,-1,-1
356,3,8.3,175.9,72.7,72.0,0.8799999952316284,-1,-1,-1
357,1,171.9,195.6,408.7,281.1,0.949999988079071,-1,-1,-1
357,3,7.8,175.8,73.2,71.8,0.8799999952316284,-1,-1,-1
358,1,172.3,195.1,407.8,281.6,0.9399999976158142,-1,-1,-1
358,3,8.0,175.8,73.1,73.0,0.8799999952316284,-1,-1,-1
359,1,173.2,195.8,407.0,280.9,0.949999988079071,-1,-1,-1
359,3,7.9,175.9,73.0,72.1,0.8799999952316284,-1,-1,-1
360,1,172.4,195.3,408.3,281.6,0.949999988079071,-1,-1,-1
360,3,7.9,176.0,73.2,71.4,0.8799999952316284,-1,-1,-1
361,1,172.6,195.1,408.6,281.7,0.949999988079071,-1,-1,-1
361,3,6.8,175.9,74.3,73.0,0.8799999952316284,-1,-1,-1
362,1,172.2,195.2,408.7,281.5,0.949999988079071,-1,-1,-1
362,3,7.6,176.1,73.2,71.6,0.8799999952316284,-1,-1,-1
363,1,172.5,195.8,408.0,280.8,0.949999988079071,-1,-1,-1
363,3,8.0,176.0,72.8,71.9,0.8799999952316284,-1,-1,-1
364,1,172.3,195.1,408.6,281.6,0.949999988079071,-1,-1,-1
364,3,7.1,175.8,73.9,71.2,0.8799999952316284,-1,-1,-1
365,1,173.2,195.2,407.3,281.4,0.949999988079071,-1,-1,-1
365,3,7.5,175.9,73.3,71.3,0.8799999952316284,-1,-1,-1
366,1,171.6,195.2,408.9,281.6,0.949999988079071,-1,-1,-1
366,3,8.1,176.0,72.6,71.7,0.8799999952316284,-1,-1,-1
367,1,173.3,195.2,407.4,281.4,0.949999988079071,-1,-1,-1
367,3,8.0,175.9,72.9,71.3,0.8899999856948853,-1,-1,-1
368,1,172.5,195.4,408.6,281.1,0.9399999976158142,-1,-1,-1
368,3,7.5,175.8,73.1,72.2,0.8899999856948853,-1,-1,-1
369,1,172.7,195.3,408.7,281.5,0.949999988079071,-1,-1,-1
369,3,7.0,175.5,73.5,72.9,0.8799999952316284,-1,-1,-1
370,1,172.5,195.5,407.8,281.2,0.949999988079071,-1,-1,-1
370,3,7.8,175.5,72.5,72.7,0.8899999856948853,-1,-1,-1
371,1,172.8,195.4,407.9,281.3,0.9399999976158142,-1,-1,-1
371,3,7.1,175.7,73.2,72.9,0.8799999952316284,-1,-1,-1
372,1,173.0,195.3,408.0,281.3,0.949999988079071,-1,-1,-1
372,3,7.3,175.6,73.0,72.2,0.8799999952316284,-1,-1,-1
373,1,172.6,195.2,408.2,281.5,0.949999988079071,-1,-1,-1
373,3,7.9,175.8,72.3,73.1,0.8799999952316284,-1,-1,-1
374,1,172.5,195.3,408.1,281.4,0.949999988079071,-1,-1,-1
374,3,7.7,175.7,72.9,73.1,0.8899999856948853,-1,-1,-1
375,1,172.4,195.3,408.6,281.5,0.9399999976158142,-1,-1,-1
375,3,8.4,175.6,71.6,73.7,0.8799999952316284,-1,-1,-1
376,1,173.2,195.0,407.8,281.6,0.949999988079071,-1,-1,-1
376,3,7.4,175.5,73.1,74.1,0.8799999952316284,-1,-1,-1
377,1,170.6,195.4,410.3,281.3,0.949999988079071,-1,-1,-1
377,3,7.7,175.6,72.9,72.8,0.8799999952316284,-1,-1,-1
378,1,172.1,195.2,408.5,281.6,0.949999988079071,-1,-1,-1
378,3,7.3,175.7,73.2,73.1,0.8899999856948853,-1,-1,-1
379,1,172.5,194.9,408.4,281.8,0.949999988079071,-1,-1,-1
379,3,7.4,175.5,73.3,72.6,0.8799999952316284,-1,-1,-1
380,1,172.5,195.1,408.3,281.6,0.949999988079071,-1,-1,-1
380,3,8.3,175.4,72.3,73.1,0.8899999856948853,-1,-1,-1
381,1,172.8,195.3,407.9,281.4,0.949999988079071,-1,-1,-1
381,3,7.9,175.4,72.5,73.6,0.8899999856948853,-1,-1,-1
382,1,173.0,195.0,407.3,281.8,0.949999988079071,-1,-1,-1
382,3,7.2,175.4,73.3,73.5,0.8899999856948853,-1,-1,-1
383,1,172.7,195.5,408.4,281.2,0.949999988079071,-1,-1,-1
383,3,7.8,175.3,72.8,72.4,0.8899999856948853,-1,-1,-1
384,1,172.2,195.2,408.1,281.5,0.949999988079071,-1,-1,-1
384,3,6.7,175.5,73.7,72.6,0.8899999856948853,-1,-1,-1
385,1,172.3,195.4,408.3,281.3,0.9399999976158142,-1,-1,-1
385,3,7.1,175.3,73.3,72.5,0.8899999856948853,-1,-1,-1
386,1,172.7,196.2,407.8,280.5,0.949999988079071,-1,-1,-1
386,3,7.3,175.5,73.1,72.5,0.8899999856948853,-1,-1,-1
387,1,172.7,195.0,408.3,281.7,0.949999988079071,-1,-1,-1
387,3,6.8,175.2,73.8,73.1,0.8999999761581421,-1,-1,-1
388,1,172.0,194.9,408.4,281.8,0.9399999976158142,-1,-1,-1
388,3,7.6,175.6,72.6,72.8,0.8899999856948853,-1,-1,-1
389,1,171.8,195.2,408.8,281.7,0.949999988079071,-1,-1,-1
389,3,7.8,175.7,72.4,73.4,0.8799999952316284,-1,-1,-1
390,1,172.3,194.8,408.8,282.0,0.949999988079071,-1,-1,-1
390,3,7.9,175.6,72.2,73.3,0.8899999856948853,-1,-1,-1
391,1,173.4,195.1,407.3,281.6,0.949999988079071,-1,-1,-1
391,3,7.4,175.6,72.7,72.9,0.8799999952316284,-1,-1,-1
392,1,172.0,195.1,409.2,281.6,0.9399999976158142,-1,-1,-1
392,3,7.9,175.2,71.9,74.4,0.8799999952316284,-1,-1,-1
393,1,172.6,195.3,408.9,281.4,0.949999988079071,-1,-1,-1
393,3,8.1,175.7,72.1,72.3,0.8799999952316284,-1,-1,-1
394,1,172.2,195.6,408.8,281.1,0.949999988079071,-1,-1,-1
394,3,8.0,175.9,72.1,72.8,0.8799999952316284,-1,-1,-1
395,1,172.8,195.1,408.2,281.6,0.949999988079071,-1,-1,-1
395,3,8.3,176.1,71.8,73.4,0.8700000047683716,-1,-1,-1
396,1,171.9,195.1,409.4,281.7,0.949999988079071,-1,-1,-1
396,3,8.0,176.0,72.2,73.2,0.8700000047683716,-1,-1,-1
397,1,171.6,194.8,409.9,282.0,0.949999988079071,-1,-1,-1
397,3,7.9,176.1,72.1,73.0,0.8799999952316284,-1,-1,-1
398,1,171.6,195.2,409.8,281.5,0.949999988079071,-1,-1,-1
398,3,7.8,176.1,72.3,72.9,0.8799999952316284,-1,-1,-1
399,1,170.8,195.0,410.1,281.8,0.949999988079071,-1,-1,-1
399,3,7.3,176.4,72.7,72.8,0.8700000047683716,-1,-1,-1
400,1,172.5,194.8,409.0,282.0,0.949999988079071,-1,-1,-1
400,3,6.6,176.2,73.5,73.0,0.8700000047683716,-1,-1,-1
401,1,172.5,195.4,408.4,281.3,0.949999988079071,-1,-1,-1
401,3,6.8,176.1,73.0,71.8,0.8600000143051147,-1,-1,-1
402,1,171.2,195.0,410.2,281.7,0.949999988079071,-1,-1,-1
402,3,8.2,176.1,71.9,72.7,0.8700000047683716,-1,-1,-1
403,1,172.1,195.0,409.6,281.7,0.949999988079071,-1,-1,-1
403,3,8.1,176.1,72.0,72.0,0.8799999952316284,-1,-1,-1
404,1,172.5,194.8,407.9,281.9,0.949999988079071,-1,-1,-1
404,3,7.7,176.1,72.5,72.1,0.8799999952316284,-1,-1,-1
405,1,172.0,195.1,407.1,281.8,0.949999988079071,-1,-1,-1
405,3,7.5,176.1,72.6,72.2,0.8700000047683716,-1,-1,-1
406,1,171.8,195.3,406.6,281.4,0.9399999976158142,-1,-1,-1
406,3,7.3,176.3,73.0,72.5,0.8700000047683716,-1,-1,-1
407,1,171.5,195.0,406.1,281.8,0.9399999976158142,-1,-1,-1
407,3,7.3,176.1,73.0,71.6,0.8799999952316284,-1,-1,-1
408,1,171.9,195.3,405.0,281.5,0.949999988079071,-1,-1,-1
408,3,7.2,176.3,72.9,71.5,0.8700000047683716,-1,-1,-1
409,1,172.5,194.9,404.3,281.8,0.9399999976158142,-1,-1,-1
409,3,8.1,176.2,72.0,72.4,0.8700000047683716,-1,-1,-1
410,1,173.0,195.8,403.8,281.0,0.949999988079071,-1,-1,-1
410,3,7.3,176.2,72.9,71.9,0.8700000047683716,-1,-1,-1
411,1,172.9,195.4,405.0,281.3,0.949999988079071,-1,-1,-1
411,3,7.8,176.2,72.5,72.3,0.8700000047683716,-1,-1,-1
412,1,173.4,195.0,404.1,281.6,0.9399999976158142,-1,-1,-1
412,3,7.8,176.1,72.2,71.8,0.8600000143051147,-1,-1,-1
413,1,172.7,195.2,403.6,281.4,0.949999988079071,-1,-1,-1
413,3,8.3,176.3,71.8,72.2,0.8600000143051147,-1,-1,-1
414,1,172.3,195.4,401.9,281.3,0.9399999976158142,-1,-1,-1
414,3,7.9,176.2,72.5,71.9,0.8700000047683716,-1,-1,-1
415,1,173.4,195.5,399.9,281.2,0.9399999976158142,-1,-1,-1
415,3,8.3,176.3,72.1,71.9,0.8600000143051147,-1,-1,-1
416,1,171.8,194.7,401.3,282.1,0.949999988079071,-1,-1,-1
416,3,8.3,176.3,72.0,71.8,0.8700000047683716,-1,-1,-1
417,1,171.9,194.7,400.8,282.2,0.949999988079071,-1,-1,-1
417,3,8.5,176.4,71.7,71.4,0.8700000047683716,-1,-1,-1
418,1,171.2,195.0,401.3,281.9,0.9399999976158142,-1,-1,-1
418,3,8.2,176.3,71.8,71.5,0.8600000143051147,-1,-1,-1
419,1,171.5,194.5,400.3,282.2,0.9399999976158142,-1,-1,-1
419,3,8.9,176.5,71.3,71.5,0.8600000143051147,-1,-1,-1
420,1,170.7,194.1,400.9,282.8,0.9399999976158142,-1,-1,-1
420,3,8.7,176.3,71.4,72.9,0.8700000047683716,-1,-1,-1
421,1,171.8,194.4,398.9,282.4,0.949999988079071,-1,-1,-1
421,3,8.7,176.2,71.4,71.5,0.8700000047683716,-1,-1,-1
422,1,172.8,194.2,397.3,282.5,0.949999988079071,-1,-1,-1
422,3,8.2,176.3,71.8,72.2,0.8700000047683716,-1,-1,-1
423,1,170.8,194.0,399.0,282.9,0.9399999976158142,-1,-1,-1
423,3,8.3,176.4,71.9,72.5,0.8600000143051147,-1,-1,-1
424,1,169.5,194.4,401.2,282.1,0.9399999976158142,-1,-1,-1
424,3,8.8,176.4,71.3,71.3,0.8600000143051147,-1,-1,-1
425,1,168.7,194.4,400.0,282.0,0.9399999976158142,-1,-1,-1
425,3,8.5,176.3,71.5,71.9,0.8700000047683716,-1,-1,-1
426,1,171.6,193.7,398.5,283.0,0.949999988079071,-1,-1,-1
426,3,7.9,176.4,72.1,72.1,0.8700000047683716,-1,-1,-1
427,1,170.3,193.5,400.0,282.8,0.949999988079071,-1,-1,-1
427,3,8.1,176.3,72.1,72.2,0.8600000143051147,-1,-1,-1
428,1,169.8,193.6,400.5,282.9,0.949999988079071,-1,-1,-1
428,3,7.9,176.2,72.2,72.0,0.8700000047683716,-1,-1,-1
429,1,173.4,193.4,397.2,283.2,0.949999988079071,-1,-1,-1
429,3,8.5,176.5,71.6,72.3,0.8600000143051147,-1,-1,-1
430,1,172.7,193.5,397.5,283.1,0.9599999785423279,-1,-1,-1
430,3,8.2,176.4,71.7,72.7,0.8700000047683716,-1,-1,-1
431,1,170.1,193.6,398.1,282.7,0.949999988079071,-1,-1,-1
431,3,8.1,176.5,71.8,71.3,0.8600000143051147,-1,-1,-1
432,1,170.0,194.4,400.1,282.0,0.949999988079071,-1,-1,-1
432,3,8.6,176.5,71.5,71.5,0.8700000047683716,-1,-1,-1
433,1,169.9,194.9,399.9,281.5,0.949999988079071,-1,-1,-1
433,3,8.5,176.5,71.4,71.6,0.8700000047683716,-1,-1,-1
434,1,169.1,194.4,399.9,282.1,0.949999988079071,-1,-1,-1
434,3,8.9,176.3,71.2,72.4,0.8700000047683716,-1,-1,-1
435,1,169.7,194.7,398.5,281.8,0.949999988079071,-1,-1,-1
435,3,8.4,176.5,71.6,72.3,0.8799999952316284,-1,-1,-1
436,1,169.4,195.3,399.0,281.1,0.949999988079071,-1,-1,-1
436,3,9.0,176.5,71.1,71.9,0.8700000047683716,-1,-1,-1
437,1,171.6,194.5,397.1,282.0,0.949999988079071,-1,-1,-1
437,3,8.7,176.4,70.9,73.2,0.8700000047683716,-1,-1,-1
438,1,169.7,194.7,400.0,281.6,0.949999988079071,-1,-1,-1
438,3,7.5,176.4,72.5,72.7,0.8700000047683716,-1,-1,-1
439,1,168.9,194.6,399.8,281.8,0.949999988079071,-1,-1,-1
439,3,7.6,176.3,72.5,72.1,0.8700000047683716,-1,-1,-1
440,1,169.7,194.7,400.6,281.9,0.949999988079071,-1,-1,-1
440,3,7.9,176.3,72.2,73.3,0.8799999952316284,-1,-1,-1
441,1,169.3,194.7,399.2,281.8,0.9599999785423279,-1,-1,-1
441,3,8.1,176.4,71.9,72.9,0.8799999952316284,-1,-1,-1
442,1,169.2,194.8,399.4,281.6,0.949999988079071,-1,-1,-1
442,3,8.7,176.6,71.3,72.2,0.8700000047683716,-1,-1,-1
443,1,169.3,194.9,399.6,281.6,0.949999988079071,-1,-1,-1
443,3,8.2,176.5,71.8,71.9,0.8700000047683716,-1,-1,-1
444,1,169.8,195.4,400.6,281.1,0.949999988079071,-1,-1,-1
444,3,8.4,176.5,71.5,71.5,0.8700000047683716,-1,-1,-1
445,1,173.6,195.3,395.5,281.2,0.949999988079071,-1,-1,-1
445,3,7.9,176.4,72.1,71.7,0.8799999952316284,-1,-1,-1
446,1,169.6,194.9,400.1,281.6,0.949999988079071,-1,-1,-1
446,3,8.6,176.6,71.4,71.9,0.8700000047683716,-1,-1,-1
447,1,169.8,195.4,399.0,281.1,0.949999988079071,-1,-1,-1
447,3,7.9,176.5,72.3,72.2,0.8799999952316284,-1,-1,-1
448,1,169.4,195.1,399.6,281.4,0.949999988079071,-1,-1,-1
448,3,8.2,176.5,71.7,72.4,0.8700000047683716,-1,-1,-1
449,1,169.7,195.4,398.9,281.1,0.949999988079071,-1,-1,-1
449,3,8.3,176.4,71.5,72.9,0.8700000047683716,-1,-1,-1
450,1,169.6,195.2,399.3,281.3,0.9599999785423279,-1,-1,-1
450,3,7.8,176.3,72.2,72.1,0.8700000047683716,-1,-1,-1
451,1,169.5,195.3,400.4,281.1,0.949999988079071,-1,-1,-1
451,3,8.3,176.6,71.4,71.7,0.8799999952316284,-1,-1,-1
452,1,169.9,195.5,401.2,280.9,0.949999988079071,-1,-1,-1
452,3,7.6,176.4,72.4,72.4,0.8799999952316284,-1,-1,-1
453,1,170.1,195.9,400.8,280.6,0.949999988079071,-1,-1,-1
453,3,8.4,176.4,71.8,72.3,0.8799999952316284,-1,-1,-1
454,1,169.4,195.4,400.8,281.1,0.949999988079071,-1,-1,-1
454,3,7.8,176.5,72.1,72.6,0.8600000143051147,-1,-1,-1
455,1,169.8,195.5,400.1,281.0,0.949999988079071,-1,-1,-1
455,3,7.8,176.3,72.2,72.4,0.8799999952316284,-1,-1,-1
456,1,169.6,195.6,401.2,280.9,0.949999988079071,-1,-1,-1
456,3,7.3,176.2,72.7,72.5,0.8700000047683716,-1,-1,-1
457,1,169.1,195.4,401.5,281.1,0.949999988079071,-1,-1,-1
457,3,7.9,176.5,72.0,72.0,0.8700000047683716,-1,-1,-1
458,1,169.4,195.5,399.7,281.1,0.949999988079071,-1,-1,-1
458,3,7.8,176.4,72.2,72.1,0.8700000047683716,-1,-1,-1
459,1,169.7,195.1,401.2,281.5,0.949999988079071,-1,-1,-1
459,3,8.1,176.3,71.8,73.3,0.8700000047683716,-1,-1,-1
460,1,168.8,195.2,402.8,281.3,0.949999988079071,-1,-1,-1
460,3,8.1,176.4,71.6,73.2,0.8700000047683716,-1,-1,-1
461,1,169.3,195.0,400.8,281.5,0.949999988079071,-1,-1,-1
461,3,8.9,176.3,70.9,72.7,0.8700000047683716,-1,-1,-1
462,1,169.3,195.2,401.5,281.3,0.949999988079071,-1,-1,-1
462,3,8.3,176.3,71.8,72.5,0.8799999952316284,-1,-1,-1
463,1,168.9,195.3,402.6,281.3,0.949999988079071,-1,-1,-1
463,3,8.2,176.3,72.0,72.6,0.8700000047683716,-1,-1,-1
464,1,168.9,194.6,400.2,281.8,0.949999988079071,-1,-1,-1
464,3,8.3,176.3,71.7,71.7,0.8700000047683716,-1,-1,-1
465,1,168.8,195.2,400.3,281.3,0.949999988079071,-1,-1,-1
465,3,8.0,176.2,72.0,72.3,0.8799999952316284,-1,-1,-1
466,1,169.1,195.3,399.9,281.4,0.949999988079071,-1,-1,-1
466,3,8.2,176.3,71.5,73.0,0.8700000047683716,-1,-1,-1
467,1,169.1,194.8,401.0,281.7,0.949999988079071,-1,-1,-1
467,3,8.6,176.4,71.2,72.7,0.8700000047683716,-1,-1,-1
468,1,168.9,194.9,402.1,281.6,0.949999988079071,-1,-1,-1
468,3,7.9,176.3,72.5,72.0,0.8700000047683716,-1,-1,-1
469,1,169.1,194.9,401.7,281.6,0.949999988079071,-1,-1,-1
469,3,7.7,176.3,72.6,71.2,0.8799999952316284,-1,-1,-1
470,1,169.0,194.6,400.4,281.9,0.949999988079071,-1,-1,-1
470,3,7.4,176.2,73.1,71.7,0.8700000047683716,-1,-1,-1
471,1,169.0,195.3,401.4,281.1,0.949999988079071,-1,-1,-1
471,3,8.4,176.3,71.9,72.7,0.8700000047683716,-1,-1,-1
472,1,171.8,195.0,397.7,281.7,0.949999988079071,-1,-1,-1
472,3,7.9,176.4,72.2,73.4,0.8799999952316284,-1,-1,-1
473,1,169.4,194.4,399.9,282.3,0.949999988079071,-1,-1,-1
473,3,7.7,176.3,72.3,72.3,0.8799999952316284,-1,-1,-1
